1,2,3,4,5,6,7,8,9,10
Bubble Sort,0.000007700,seconds
Selection Sort,0.000006900,seconds
Insertion Sort,0.000003800,seconds
Merge Sort,0.000016500,seconds
Quick Sort,0.000010100,seconds
Heap Sort,0.000010000,seconds
Counting Sort,0.000008600,seconds
Radix Sort,0.000016000,seconds
Bucket Sort,0.000009200,seconds
Shell Sort,0.000004100,seconds
Cocktail Shaker Sort,0.000002200,seconds
Comb Sort,0.000005700,seconds
Timsort,0.000001400,seconds
10,9,8,7,6,5,4,3,2,1
Bubble Sort,0.000010300,seconds
Selection Sort,0.000007000,seconds
Insertion Sort,0.000006500,seconds
Merge Sort,0.000019700,seconds
Quick Sort,0.000011700,seconds
Heap Sort,0.000011900,seconds
Counting Sort,0.000012300,seconds
Radix Sort,0.000020800,seconds
Bucket Sort,0.000018800,seconds
Shell Sort,0.000008500,seconds
Cocktail Shaker Sort,0.000010100,seconds
Comb Sort,0.000007600,seconds
Timsort,0.000001900,seconds
10,3,2,9,7,5,6,4,1
Bubble Sort,0.000010300,seconds
Selection Sort,0.000006300,seconds
Insertion Sort,0.000006300,seconds
Merge Sort,0.000015900,seconds
Quick Sort,0.000008900,seconds
Heap Sort,0.000009200,seconds
Counting Sort,0.000009600,seconds
Radix Sort,0.000018000,seconds
Bucket Sort,0.000015300,seconds
Shell Sort,0.000008800,seconds
Cocktail Shaker Sort,0.000010600,seconds
Comb Sort,0.000009200,seconds
Timsort,0.000001800,seconds
0, 1, 2, 3, 4, 5, 6, 7, 8, 9, 10, 11, 12, 13, 14, 15, 16, 17, 18, 19, 20, 21, 22, 23, 24, 25,26, 27, 28, 29, 30, 31, 32, 33, 34, 35, 36, 37, 38, 39, 40, 41, 42, 43, 44, 45, 46, 47, 48, 49, 50, 51, 52, 53, 54, 55, 56, 57, 58, 59, 60, 61, 62, 63, 64, 65, 66, 67, 68, 69, 70, 71, 72, 73, 74, 75, 76, 77, 78, 79, 80, 81, 82, 83, 84, 85, 86, 87, 88, 89, 90, 91, 92, 93, 94, 95, 96, 97, 98, 99,100
Bubble Sort,0.000170100,seconds
Selection Sort,0.000136500,seconds
Insertion Sort,0.000011600,seconds
Merge Sort,0.000118100,seconds
Quick Sort,0.000356100,seconds
Heap Sort,0.000139800,seconds
Counting Sort,0.000033000,seconds
Radix Sort,0.000070200,seconds
Bucket Sort,0.000041500,seconds
Shell Sort,0.000054500,seconds
Cocktail Shaker Sort,0.000008100,seconds
Comb Sort,0.000056800,seconds
Timsort,0.000001700,seconds
41,18,29,9,3,37,10,33,72,21,80,43,7,11,64,50,1,56,8,49,99,96,95,17,69,83,17,81,59,55,35,99,6,5,47,38,60,48,76,42,15,3,41,67,51,43,77,5,95,98,64,62,41,10,42,44,55,99,57,39,30,90,73,35,29,22,70,16,29,50,59,96,89,54,82,85,39,15,69,68,19,16,48,49,39,47
Bubble Sort,0.000219400,seconds
Selection Sort,0.000129800,seconds
Insertion Sort,0.000104200,seconds
Merge Sort,0.000126600,seconds
Quick Sort,0.000051500,seconds
Heap Sort,0.000097400,seconds
Counting Sort,0.000024100,seconds
Radix Sort,0.000049300,seconds
Bucket Sort,0.000038500,seconds
Shell Sort,0.000054300,seconds
Cocktail Shaker Sort,0.000189000,seconds
Comb Sort,0.000073500,seconds
Timsort,0.000007000,seconds
56,74,58,14,15,67,69,7,93,59,2,85,16,6,42,96,23,32,54,47,97,58,93,92,43,89,9,22,48,5,26,68,50,13,24,70,59,62,46,99,72,29,10,33,87,83,50,88,67,91,67,51,46,81,91,53,61,51,21,55,86,16,34,62,88,54,39,79,84,95,56,68,88,64,7,35,52,98,84,54,75,69,6,15,66,3,45,24,97,79,98,62,65,69,20,24,87,93,94,33,52,57,92,77,5,96,66,99,76,32,22,85,92,11,50,63,37,74,93,100,66,11,13,97,91,40,85,74,30,68,76,53,11,18,36,51,22,69,53,24,68,50,81,47,16,89,76,13,53,71,14,30,26,62,4,20,52,18,93,11,53,32,37,94,77,10,68,81,7,35,44,42,65,68,51,92,100,30,60,36,57,25,77,76,7,48,58,25,17,1,59,43,79,83,23,6,67,76,78,49,6,70,43,98,24,94,13,52,43,49,91,39,33,71,17,29,67,45,84,99,59,20,4,42,78,79,53,11,95,97,76,64,62,32,61,83,9,12,81,100,99,96,1,53,85,67,50,5,20,10,23,55,33,19,71,15,67,1,39,18,94,64,5,75,63,93,1,69,29,6,68,100,86,30,25,41,77,3,38,90,22,97,7,38,69,89,74,2,27,68,2,43,5,46,98,17,53,40,54,11,67,8,35,16,23,49,70,91,74,42,28,23,19,36,23,4,53,91,9,91,56,45,51,5,98,95,93,79,58,86,20,83,46,64,15,87,29,100,72,69,44,53,37,9,57,90,52,39,33,57,20,27,54,47,56,33,2,56,89,65,70,7,98,81,14,3,43,1,44,48,28,89,77,82,75,1,85,78,55,66,3,3,43,72,28,88,74,28,24,50,61,38,26,85,84,99,36,82,18,61,34,30,78,70,48,64,19,23,82,11,93,58,88,63,1,98,71,67,88,100,45,85,55,23,90,73,93,33,67,99,16,65,26,50,29,15,84,8,14,87,78,66,10,56,98,64,30,57,89,88,25,91,84,69,53,8,44,68,19,95,5,10,54,62,89,9,85,85,68,34,55,84,12,32,92,50,27,36,100,82,65,22,99,15,58,22,36,11,70,45,58,17,1,1,67,88,57,36,34,80,29,15,75,65,57,31,66,99,22,28,22,50,74,72,28,34,2,50,36,16,56,71,36,51,78,27,11,65,28,58,4,58,48,93,11,36,43,15,74,70,86,89,14,13,72,37,49,99,79,12,54,47,93,60,7,10,22,7,54,23,58,1,86,90,77,8,19,61,42,25,52,41,3,98,42,50,100,25,70,49,76,69,30,64,35,68,3,94,16,75,64,2,95,48,31,91,100,33,9,13,49,98,78,81,90,7,54,71,27,100,41,40,38,34,46,26,98,93,25,21,83,56,10,27,18,12,61,87,83,6,68,4,84,34,68,47,99,89,79,92,22,1,20,35,52,22,36,78,27,34,72,10,20,24,100,15,1,44,52,74,3,67,17,28,83,88,75,54,54,27,39,29,33,72,54,77,63,9,99,48,13,48,12,78,81,94,76,25,32,9,78,11,93,54,41,44,99,79,85,71,94,86,28,70,68,66,21,74,87,59,29,3,40,69,5,15,76,93,9,31,91,90,21,2,84,60,35,21,42,64,94,48,67,99,38,68,99,88,2,14,83,68,42,86,86,49,86,80,99,80,32,88,75,80,26,28,68,40,70,10,16,2,73,56,26,29,86,3,97,86,28,32,70,28,100,95,83,82,43,68,60,5,69,51,59,77,63,4,62,88,41,75,16,21,49,21,91,79,99,67,14,54,84,96,48,97,85,66,73,22,97,14,58,96,90,27,50,44,30,36,21,87,19,92,13,12,7,58,29,43,27,42,14,89,85,74,22,84,73,94,2,82,99,84,4,85,13,51,34,29,56,46,68,92,22,78,32,87,31,79,15,45,42,34,14,20,7,94,3,4,76,47,24,17,95,90,46,14,7,48,54,2,89,70,37,31,59,70,89,2,31,61,18,27,47,80,12,41,68,28,95,95,4,67,30,14,89,17,45,15,64,82,50,71,64,97,58,37,5,4,99,41,67,80,67,32,64,42,72,98,23,3,63,73,84,95,79,49,65,36,27,10,7,87,59,10,19,69,34,77,42,3,20,83,16,56,29,8,62,98,41,16,3,6,15,38,90,11,5,86,74,73,23,38,66,50,75,72,1,2,20,40,13,88,76,57,21,14,51,31,90,67,21,54,24,27,5,29,16,42
Bubble Sort,0.029658700,seconds
Selection Sort,0.013439800,seconds
Insertion Sort,0.013244400,seconds
Merge Sort,0.001509800,seconds
Quick Sort,0.000679600,seconds
Heap Sort,0.004232100,seconds
Counting Sort,0.000166100,seconds
Radix Sort,0.000630100,seconds
Bucket Sort,0.001221600,seconds
Shell Sort,0.000887000,seconds
Cocktail Shaker Sort,0.026699400,seconds
Comb Sort,0.001364500,seconds
Timsort,0.000072700,seconds
1,1,1,1,1,1,1,1,1,1,1,1,1,1,1,1,1,1,1,1,1,1,1,1,1,1,1,1,1,1,1,1,1,1,1,1,1,1,1,1,1,1,1,1,1,1,1,1,1,1,1,1,1,1,1,1,1,1,1,1,1,1,1,1,1,1,1,1,1,1,1,1,1,1,1,1,1,1,1,1,1,1,1,1,1,1,1,1,1,1,1,1,1,1,1,1,1,1,1,1,1,1,1,1,1,1,1,1,1,1,1,2,2,2,2,2,2,2,2,2,2,2,2,2,2,2,2,2,2,2,2,2,2,2,2,2,2,2,2,2,2,2,2,2,2,2,2,2,2,2,2,2,2,2,2,2,2,2,2,2,2,2,2,2,2,2,2,2,2,2,2,2,2,2,2,2,2,2,2,2,2,2,2,2,2,2,2,2,2,2,2,2,2,2,2,2,2,2,2,2,2,2,3,3,3,3,3,3,3,3,3,3,3,3,3,3,3,3,3,3,3,3,3,3,3,3,3,3,3,3,3,3,3,3,3,3,3,3,3,3,3,3,3,3,3,3,3,3,3,3,3,3,3,3,3,3,3,3,3,3,3,3,3,3,3,3,3,3,3,3,3,3,3,3,3,3,3,3,3,3,3,3,3,3,3,3,3,3,3,3,3,3,3,3,3,3,3,3,3,3,3,3,3,3,3,3,3,4,4,4,4,4,4,4,4,4,4,4,4,4,4,4,4,4,4,4,4,4,4,4,4,4,4,4,4,4,4,4,4,4,4,4,4,4,4,4,4,4,4,4,4,4,4,4,4,4,4,4,4,4,4,4,4,4,4,4,4,4,4,4,4,4,4,4,4,4,4,4,4,4,4,4,4,4,4,4,4,4,4,4,4,4,4,4,4,4,4,4,4,4,4,4,4,5,5,5,5,5,5,5,5,5,5,5,5,5,5,5,5,5,5,5,5,5,5,5,5,5,5,5,5,5,5,5,5,5,5,5,5,5,5,5,5,5,5,5,5,5,5,5,5,5,5,5,5,5,5,5,5,5,5,5,5,5,5,5,5,5,5,5,5,5,5,5,5,5,5,5,5,5,5,5,5,5,5,5,5,5,5,5,5,5,5,6,6,6,6,6,6,6,6,6,6,6,6,6,6,6,6,6,6,6,6,6,6,6,6,6,6,6,6,6,6,6,6,6,6,6,6,6,6,6,6,6,6,6,6,6,6,6,6,6,6,6,6,6,6,6,6,6,6,6,6,6,6,6,6,6,6,6,6,6,6,6,6,6,6,6,6,6,6,6,6,6,6,6,6,6,6,6,6,6,6,6,6,7,7,7,7,7,7,7,7,7,7,7,7,7,7,7,7,7,7,7,7,7,7,7,7,7,7,7,7,7,7,7,7,7,7,7,7,7,7,7,7,7,7,7,7,7,7,7,7,7,7,7,7,7,7,7,7,7,7,7,7,7,7,7,7,7,7,7,7,7,7,7,7,7,7,7,7,7,7,7,7,7,7,7,7,7,7,7,7,7,7,7,7,7,7,8,8,8,8,8,8,8,8,8,8,8,8,8,8,8,8,8,8,8,8,8,8,8,8,8,8,8,8,8,8,8,8,8,8,8,8,8,8,8,8,8,8,8,8,8,8,8,8,8,8,8,8,8,8,8,8,8,8,8,8,8,8,8,8,8,8,8,8,8,8,8,8,8,8,8,8,8,8,8,8,8,8,8,8,8,8,8,8,8,8,8,8,8,8,8,8,8,8,8,8,9,9,9,9,9,9,9,9,9,9,9,9,9,9,9,9,9,9,9,9,9,9,9,9,9,9,9,9,9,9,9,9,9,9,9,9,9,9,9,9,9,9,9,9,9,9,9,9,9,9,9,9,9,9,9,9,9,9,9,9,9,9,9,9,9,9,9,9,9,9,9,9,9,9,9,9,9,9,9,9,9,9,9,9,9,9,9,9,9,9,9,9,9,9,9,9,9,9,9,10,10,10,10,10,10,10,10,10,10,10,10,10,10,10,10,10,10,10,10,10,10,10,10,10,10,10,10,10,10,10,10,10,10,10,10,10,10,10,10,10,10,10,10,10,10,10,10,10,10,10,10,10,10,10,10,10,10,10,10,10,10,10,10,10,10,10,10,10,10,10,10,10,10,10,10,10,10,10,10,10,10,10,10,10,10,10,10,10,10,10,10,10,10,10,10,10,10,10,10,10,10,10,10,10,10,10,10,10,11,11,11,11,11,11,11,11,11,11,11,11,11,11,11,11,11,11,11,11,11,11,11,11,11,11,11,11,11,11,11,11,11,11,11,11,11,11,11,11,11,11,11,11,11,11,11,11,11,11,11,11,11,11,11,11,11,11,11,11,11,11,11,11,11,11,11,11,11,11,11,11,11,11,11,11,11,11,11,11,11,11,11,11,11,11,12,12,12,12,12,12,12,12,12,12,12,12,12,12,12,12,12,12,12,12,12,12,12,12,12,12,12,12,12,12,12,12,12,12,12,12,12,12,12,12,12,12,12,12,12,12,12,12,12,12,12,12,12,12,12,12,12,12,12,12,12,12,12,12,12,12,12,12,12,12,12,12,12,12,12,12,12,12,12,12,12,12,12,12,12,12,12,12,12,12,12,12,12,12,12,12,12,12,13,13,13,13,13,13,13,13,13,13,13,13,13,13,13,13,13,13,13,13,13,13,13,13,13,13,13,13,13,13,13,13,13,13,13,13,13,13,13,13,13,13,13,13,13,13,13,13,13,13,13,13,13,13,13,13,13,13,13,13,13,13,13,13,13,13,13,13,13,13,13,13,13,13,13,13,13,13,13,13,13,13,13,13,13,13,13,13,13,13,13,13,13,13,13,13,13,13,13,13,13,13,13,13,13,13,13,13,13,13,13,13,13,13,13,13,13,13,14,14,14,14,14,14,14,14,14,14,14,14,14,14,14,14,14,14,14,14,14,14,14,14,14,14,14,14,14,14,14,14,14,14,14,14,14,14,14,14,14,14,14,14,14,14,14,14,14,14,14,14,14,14,14,14,14,14,14,14,14,14,14,14,14,14,14,14,14,14,14,14,14,14,14,14,14,14,14,14,14,14,14,14,14,14,14,14,14,14,14,14,14,14,14,14,14,14,14,14,14,14,14,14,14,14,14,14,14,14,14,14,14,14,14,14,14,15,15,15,15,15,15,15,15,15,15,15,15,15,15,15,15,15,15,15,15,15,15,15,15,15,15,15,15,15,15,15,15,15,15,15,15,15,15,15,15,15,15,15,15,15,15,15,15,15,15,15,15,15,15,15,15,15,15,15,15,15,15,15,15,15,15,15,15,15,15,15,15,15,15,15,15,15,15,15,15,15,15,15,15,15,15,15,15,15,15,15,15,15,15,15,15,15,15,15,15,15,16,16,16,16,16,16,16,16,16,16,16,16,16,16,16,16,16,16,16,16,16,16,16,16,16,16,16,16,16,16,16,16,16,16,16,16,16,16,16,16,16,16,16,16,16,16,16,16,16,16,16,16,16,16,16,16,16,16,16,16,16,16,16,16,16,16,16,16,16,16,16,16,16,16,16,16,16,16,16,16,16,16,16,16,16,16,16,16,16,16,16,16,16,16,16,16,16,16,16,16,16,16,16,16,16,16,16,16,16,17,17,17,17,17,17,17,17,17,17,17,17,17,17,17,17,17,17,17,17,17,17,17,17,17,17,17,17,17,17,17,17,17,17,17,17,17,17,17,17,17,17,17,17,17,17,17,17,17,17,17,17,17,17,17,17,17,17,17,17,17,17,17,17,17,17,17,17,17,17,17,17,17,17,17,17,17,17,17,17,17,17,17,17,17,17,17,17,17,17,17,17,17,17,17,17,17,17,17,17,17,17,17,17,17,17,17,17,17,17,17,17,17,17,17,18,18,18,18,18,18,18,18,18,18,18,18,18,18,18,18,18,18,18,18,18,18,18,18,18,18,18,18,18,18,18,18,18,18,18,18,18,18,18,18,18,18,18,18,18,18,18,18,18,18,18,18,18,18,18,18,18,18,18,18,18,18,18,18,18,18,18,18,18,18,18,18,18,18,18,18,18,18,18,18,18,18,18,18,18,18,18,18,18,18,18,18,18,18,18,18,18,18,18,18,18,18,18,18,18,18,19,19,19,19,19,19,19,19,19,19,19,19,19,19,19,19,19,19,19,19,19,19,19,19,19,19,19,19,19,19,19,19,19,19,19,19,19,19,19,19,19,19,19,19,19,19,19,19,19,19,19,19,19,19,19,19,19,19,19,19,19,19,19,19,19,19,19,19,19,19,19,19,19,19,19,19,19,19,19,19,19,19,19,19,19,19,19,19,19,19,19,19,19,19,19,19,20,20,20,20,20,20,20,20,20,20,20,20,20,20,20,20,20,20,20,20,20,20,20,20,20,20,20,20,20,20,20,20,20,20,20,20,20,20,20,20,20,20,20,20,20,20,20,20,20,20,20,20,20,20,20,20,20,20,20,20,20,20,20,20,20,20,20,20,20,20,20,20,20,20,20,20,20,20,20,20,20,20,20,20,20,20,20,20,20,20,20,20,20,20,20,20,20,20,20,20,20,20,20,21,21,21,21,21,21,21,21,21,21,21,21,21,21,21,21,21,21,21,21,21,21,21,21,21,21,21,21,21,21,21,21,21,21,21,21,21,21,21,21,21,21,21,21,21,21,21,21,21,21,21,21,21,21,21,21,21,21,21,21,21,21,21,21,21,21,21,21,21,21,21,21,21,21,21,21,21,21,21,21,21,21,21,21,21,21,21,21,21,21,21,21,21,21,21,21,21,21,21,21,21,21,21,21,21,21,21,21,22,22,22,22,22,22,22,22,22,22,22,22,22,22,22,22,22,22,22,22,22,22,22,22,22,22,22,22,22,22,22,22,22,22,22,22,22,22,22,22,22,22,22,22,22,22,22,22,22,22,22,22,22,22,22,22,22,22,22,22,22,22,22,22,22,22,22,22,22,22,22,22,22,22,22,22,22,22,22,22,22,22,22,22,22,22,22,22,22,22,22,22,22,22,22,22,22,22,22,22,22,22,22,22,22,22,22,22,22,22,23,23,23,23,23,23,23,23,23,23,23,23,23,23,23,23,23,23,23,23,23,23,23,23,23,23,23,23,23,23,23,23,23,23,23,23,23,23,23,23,23,23,23,23,23,23,23,23,23,23,23,23,23,23,23,23,23,23,23,23,23,23,23,23,23,23,23,23,23,23,23,23,23,23,23,23,23,23,23,23,23,23,23,23,23,23,23,23,23,23,23,23,23,23,24,24,24,24,24,24,24,24,24,24,24,24,24,24,24,24,24,24,24,24,24,24,24,24,24,24,24,24,24,24,24,24,24,24,24,24,24,24,24,24,24,24,24,24,24,24,24,24,24,24,24,24,24,24,24,24,24,24,24,24,24,24,24,24,24,24,24,24,24,24,24,24,24,24,24,24,24,24,24,24,24,24,24,24,24,24,24,24,24,24,24,24,24,24,24,24,24,24,24,24,24,24,24,24,24,24,24,24,24,24,24,24,24,25,25,25,25,25,25,25,25,25,25,25,25,25,25,25,25,25,25,25,25,25,25,25,25,25,25,25,25,25,25,25,25,25,25,25,25,25,25,25,25,25,25,25,25,25,25,25,25,25,25,25,25,25,25,25,25,25,25,25,25,25,25,25,25,25,25,25,25,25,25,25,25,25,25,25,25,25,25,25,25,25,25,25,25,25,25,25,25,25,25,25,25,25,25,25,25,25,25,25,25,25,25,25,25,25,25,25,25,25,25,26,26,26,26,26,26,26,26,26,26,26,26,26,26,26,26,26,26,26,26,26,26,26,26,26,26,26,26,26,26,26,26,26,26,26,26,26,26,26,26,26,26,26,26,26,26,26,26,26,26,26,26,26,26,26,26,26,26,26,26,26,26,26,26,26,26,26,26,26,26,26,26,26,26,26,26,26,27,27,27,27,27,27,27,27,27,27,27,27,27,27,27,27,27,27,27,27,27,27,27,27,27,27,27,27,27,27,27,27,27,27,27,27,27,27,27,27,27,27,27,27,27,27,27,27,27,27,27,27,27,27,27,27,27,27,27,27,27,27,27,27,27,27,27,27,27,27,27,27,27,27,27,27,27,27,27,27,27,27,27,27,27,27,27,27,27,27,27,27,27,27,27,27,27,27,27,27,27,28,28,28,28,28,28,28,28,28,28,28,28,28,28,28,28,28,28,28,28,28,28,28,28,28,28,28,28,28,28,28,28,28,28,28,28,28,28,28,28,28,28,28,28,28,28,28,28,28,28,28,28,28,28,28,28,28,28,28,28,28,28,28,28,28,28,28,28,28,28,28,28,28,28,28,28,28,28,28,28,28,28,28,28,28,28,28,28,28,28,28,28,28,28,28,28,28,29,29,29,29,29,29,29,29,29,29,29,29,29,29,29,29,29,29,29,29,29,29,29,29,29,29,29,29,29,29,29,29,29,29,29,29,29,29,29,29,29,29,29,29,29,29,29,29,29,29,29,29,29,29,29,29,29,29,29,29,29,29,29,29,29,29,29,29,29,29,29,29,29,29,29,29,29,29,29,29,29,29,29,29,30,30,30,30,30,30,30,30,30,30,30,30,30,30,30,30,30,30,30,30,30,30,30,30,30,30,30,30,30,30,30,30,30,30,30,30,30,30,30,30,30,30,30,30,30,30,30,30,30,30,30,30,30,30,30,30,30,30,30,30,30,30,30,30,30,30,30,30,30,30,30,30,30,30,30,30,30,30,30,30,30,30,30,30,30,30,30,30,30,30,30,30,30,30,30,30,30,30,30,30,30,30,30,30,30,30,30,30,30,31,31,31,31,31,31,31,31,31,31,31,31,31,31,31,31,31,31,31,31,31,31,31,31,31,31,31,31,31,31,31,31,31,31,31,31,31,31,31,31,31,31,31,31,31,31,31,31,31,31,31,31,31,31,31,31,31,31,31,31,31,31,31,31,31,31,31,31,31,31,31,31,31,31,31,31,31,31,31,31,31,31,31,31,31,31,31,31,31,31,31,31,31,31,31,31,31,31,31,31,31,31,32,32,32,32,32,32,32,32,32,32,32,32,32,32,32,32,32,32,32,32,32,32,32,32,32,32,32,32,32,32,32,32,32,32,32,32,32,32,32,32,32,32,32,32,32,32,32,32,32,32,32,32,32,32,32,32,32,32,32,32,32,32,32,32,32,32,32,32,32,32,32,32,32,32,32,32,32,32,32,32,32,32,32,32,32,32,32,32,32,32,32,33,33,33,33,33,33,33,33,33,33,33,33,33,33,33,33,33,33,33,33,33,33,33,33,33,33,33,33,33,33,33,33,33,33,33,33,33,33,33,33,33,33,33,33,33,33,33,33,33,33,33,33,33,33,33,33,33,33,33,33,33,33,33,33,33,33,33,33,33,33,33,33,33,33,33,33,33,33,33,33,33,33,33,33,33,33,33,33,33,33,33,33,33,33,33,33,33,33,33,33,33,33,33,33,33,33,33,34,34,34,34,34,34,34,34,34,34,34,34,34,34,34,34,34,34,34,34,34,34,34,34,34,34,34,34,34,34,34,34,34,34,34,34,34,34,34,34,34,34,34,34,34,34,34,34,34,34,34,34,34,34,34,34,34,34,34,34,34,34,34,34,34,34,34,34,34,34,34,34,34,34,34,34,34,34,34,34,34,34,34,34,34,34,34,34,34,34,34,34,34,34,34,34,34,34,34,35,35,35,35,35,35,35,35,35,35,35,35,35,35,35,35,35,35,35,35,35,35,35,35,35,35,35,35,35,35,35,35,35,35,35,35,35,35,35,35,35,35,35,35,35,35,35,35,35,35,35,35,35,35,35,35,35,35,35,35,35,35,35,35,35,35,35,35,35,35,35,35,35,35,35,35,35,35,35,35,35,35,35,35,35,35,35,35,35,35,35,35,35,35,35,35,35,35,35,35,35,35,35,35,35,35,36,36,36,36,36,36,36,36,36,36,36,36,36,36,36,36,36,36,36,36,36,36,36,36,36,36,36,36,36,36,36,36,36,36,36,36,36,36,36,36,36,36,36,36,36,36,36,36,36,36,36,36,36,36,36,36,36,36,36,36,36,36,36,36,36,36,36,36,36,36,36,36,36,36,36,36,36,36,36,36,36,36,36,36,36,36,36,36,36,36,36,36,36,36,36,36,36,36,37,37,37,37,37,37,37,37,37,37,37,37,37,37,37,37,37,37,37,37,37,37,37,37,37,37,37,37,37,37,37,37,37,37,37,37,37,37,37,37,37,37,37,37,37,37,37,37,37,37,37,37,37,37,37,37,37,37,37,37,37,37,37,37,37,37,37,37,37,37,37,37,37,37,37,37,37,37,37,37,37,37,37,37,37,37,37,37,37,37,37,37,37,37,37,37,38,38,38,38,38,38,38,38,38,38,38,38,38,38,38,38,38,38,38,38,38,38,38,38,38,38,38,38,38,38,38,38,38,38,38,38,38,38,38,38,38,38,38,38,38,38,38,38,38,38,38,38,38,38,38,38,38,38,38,38,38,38,38,38,38,38,38,38,38,38,38,38,38,38,38,38,38,38,38,38,38,38,38,38,38,38,38,38,38,38,38,38,38,38,38,38,38,38,38,38,38,38,38,38,38,39,39,39,39,39,39,39,39,39,39,39,39,39,39,39,39,39,39,39,39,39,39,39,39,39,39,39,39,39,39,39,39,39,39,39,39,39,39,39,39,39,39,39,39,39,39,39,39,39,39,39,39,39,39,39,39,39,39,39,39,39,39,39,39,39,39,39,39,39,39,39,39,39,39,39,39,39,39,39,39,39,39,39,39,39,39,39,39,39,39,39,39,39,39,39,39,39,39,39,39,39,39,39,39,39,39,39,39,39,39,39,39,39,39,40,40,40,40,40,40,40,40,40,40,40,40,40,40,40,40,40,40,40,40,40,40,40,40,40,40,40,40,40,40,40,40,40,40,40,40,40,40,40,40,40,40,40,40,40,40,40,40,40,40,40,40,40,40,40,40,40,40,40,40,40,40,40,40,40,40,40,40,40,40,40,40,40,40,40,40,40,40,40,40,40,40,40,40,40,40,40,40,40,40,40,40,41,41,41,41,41,41,41,41,41,41,41,41,41,41,41,41,41,41,41,41,41,41,41,41,41,41,41,41,41,41,41,41,41,41,41,41,41,41,41,41,41,41,41,41,41,41,41,41,41,41,41,41,41,41,41,41,41,41,41,41,41,41,41,41,41,41,41,41,41,41,41,41,41,41,41,41,41,41,41,41,41,41,41,41,41,41,41,41,41,41,41,41,41,41,41,41,41,41,41,42,42,42,42,42,42,42,42,42,42,42,42,42,42,42,42,42,42,42,42,42,42,42,42,42,42,42,42,42,42,42,42,42,42,42,42,42,42,42,42,42,42,42,42,42,42,42,42,42,42,42,42,42,42,42,42,42,42,42,42,42,42,42,42,42,42,42,42,42,42,42,42,42,42,42,42,42,42,42,42,42,42,42,42,43,43,43,43,43,43,43,43,43,43,43,43,43,43,43,43,43,43,43,43,43,43,43,43,43,43,43,43,43,43,43,43,43,43,43,43,43,43,43,43,43,43,43,43,43,43,43,43,43,43,43,43,43,43,43,43,43,43,43,43,43,43,43,43,43,43,43,43,43,43,43,43,43,43,43,43,43,43,43,43,43,43,43,43,43,43,43,43,43,44,44,44,44,44,44,44,44,44,44,44,44,44,44,44,44,44,44,44,44,44,44,44,44,44,44,44,44,44,44,44,44,44,44,44,44,44,44,44,44,44,44,44,44,44,44,44,44,44,44,44,44,44,44,44,44,44,44,44,44,44,44,44,44,44,44,44,44,44,44,44,44,44,44,44,44,44,44,44,44,44,44,44,44,44,44,44,44,44,44,44,44,44,44,44,44,44,44,44,44,44,44,44,44,44,44,44,44,44,44,44,44,44,44,44,44,44,44,44,44,44,44,44,45,45,45,45,45,45,45,45,45,45,45,45,45,45,45,45,45,45,45,45,45,45,45,45,45,45,45,45,45,45,45,45,45,45,45,45,45,45,45,45,45,45,45,45,45,45,45,45,45,45,45,45,45,45,45,45,45,45,45,45,45,45,45,45,45,45,45,45,45,45,45,45,45,45,45,45,45,45,45,45,45,45,45,45,45,45,45,45,45,46,46,46,46,46,46,46,46,46,46,46,46,46,46,46,46,46,46,46,46,46,46,46,46,46,46,46,46,46,46,46,46,46,46,46,46,46,46,46,46,46,46,46,46,46,46,46,46,46,46,46,46,46,46,46,46,46,46,46,46,46,46,46,46,46,46,46,46,46,46,46,46,46,46,46,46,46,46,46,46,46,46,46,46,46,46,46,46,46,46,46,46,46,46,46,46,46,46,46,46,46,46,46,46,46,46,46,46,47,47,47,47,47,47,47,47,47,47,47,47,47,47,47,47,47,47,47,47,47,47,47,47,47,47,47,47,47,47,47,47,47,47,47,47,47,47,47,47,47,47,47,47,47,47,47,47,47,47,47,47,47,47,47,47,47,47,47,47,47,47,47,47,47,47,47,47,47,47,47,47,47,47,47,47,47,47,47,47,47,47,47,47,47,47,47,47,47,47,47,47,47,47,47,47,47,47,47,47,47,47,47,47,48,48,48,48,48,48,48,48,48,48,48,48,48,48,48,48,48,48,48,48,48,48,48,48,48,48,48,48,48,48,48,48,48,48,48,48,48,48,48,48,48,48,48,48,48,48,48,48,48,48,48,48,48,48,48,48,48,48,48,48,48,48,48,48,48,48,48,48,48,48,48,48,48,48,48,48,48,48,48,48,48,48,48,48,48,48,48,48,48,48,48,48,48,48,48,48,48,49,49,49,49,49,49,49,49,49,49,49,49,49,49,49,49,49,49,49,49,49,49,49,49,49,49,49,49,49,49,49,49,49,49,49,49,49,49,49,49,49,49,49,49,49,49,49,49,49,49,49,49,49,49,49,49,49,49,49,49,49,49,49,49,49,49,49,49,49,49,49,49,49,49,49,49,49,49,49,49,49,49,49,49,49,49,49,49,49,49,49,49,49,49,49,49,49,49,49,49,49,49,49,49,49,50,50,50,50,50,50,50,50,50,50,50,50,50,50,50,50,50,50,50,50,50,50,50,50,50,50,50,50,50,50,50,50,50,50,50,50,50,50,50,50,50,50,50,50,50,50,50,50,50,50,50,50,50,50,50,50,50,50,50,50,50,50,50,50,50,50,50,50,50,50,50,50,50,50,50,50,50,50,50,50,50,50,50,50,50,50,50,50,50,50,50,50,50,50,50,50,50,50,50,50,50,50,50,50,50,50,50,50,50,50,51,51,51,51,51,51,51,51,51,51,51,51,51,51,51,51,51,51,51,51,51,51,51,51,51,51,51,51,51,51,51,51,51,51,51,51,51,51,51,51,51,51,51,51,51,51,51,51,51,51,51,51,51,51,51,51,51,51,51,51,51,51,51,51,51,51,51,51,51,51,51,51,51,51,51,51,51,51,51,51,51,51,51,51,51,51,51,52,52,52,52,52,52,52,52,52,52,52,52,52,52,52,52,52,52,52,52,52,52,52,52,52,52,52,52,52,52,52,52,52,52,52,52,52,52,52,52,52,52,52,52,52,52,52,52,52,52,52,52,52,52,52,52,52,52,52,52,52,52,52,52,52,52,52,52,52,52,52,52,52,52,52,52,52,52,52,52,52,52,52,52,52,52,52,52,52,52,52,52,52,52,52,52,52,52,52,52,52,52,52,52,52,52,52,52,52,52,52,52,52,52,52,52,52,52,52,52,52,52,52,53,53,53,53,53,53,53,53,53,53,53,53,53,53,53,53,53,53,53,53,53,53,53,53,53,53,53,53,53,53,53,53,53,53,53,53,53,53,53,53,53,53,53,53,53,53,53,53,53,53,53,53,53,53,53,53,53,53,53,53,53,53,53,53,53,53,53,53,53,53,53,53,53,53,53,53,53,53,53,53,53,53,53,53,53,53,53,53,53,53,53,53,53,53,53,53,53,53,53,53,53,54,54,54,54,54,54,54,54,54,54,54,54,54,54,54,54,54,54,54,54,54,54,54,54,54,54,54,54,54,54,54,54,54,54,54,54,54,54,54,54,54,54,54,54,54,54,54,54,54,54,54,54,54,54,54,54,54,54,54,54,54,54,54,54,54,54,54,54,54,54,54,54,54,54,54,54,54,54,54,54,54,54,54,54,54,54,54,54,54,54,54,54,54,54,54,54,54,54,54,55,55,55,55,55,55,55,55,55,55,55,55,55,55,55,55,55,55,55,55,55,55,55,55,55,55,55,55,55,55,55,55,55,55,55,55,55,55,55,55,55,55,55,55,55,55,55,55,55,55,55,55,55,55,55,55,55,55,55,55,55,55,55,55,55,55,55,55,55,55,55,55,55,55,55,55,55,55,55,55,55,55,55,55,55,55,55,55,55,55,55,55,55,55,55,55,55,55,55,55,55,55,55,55,55,56,56,56,56,56,56,56,56,56,56,56,56,56,56,56,56,56,56,56,56,56,56,56,56,56,56,56,56,56,56,56,56,56,56,56,56,56,56,56,56,56,56,56,56,56,56,56,56,56,56,56,56,56,56,56,56,56,56,56,56,56,56,56,56,56,56,56,56,56,56,56,56,56,56,56,56,56,56,56,56,56,56,56,56,56,56,56,57,57,57,57,57,57,57,57,57,57,57,57,57,57,57,57,57,57,57,57,57,57,57,57,57,57,57,57,57,57,57,57,57,57,57,57,57,57,57,57,57,57,57,57,57,57,57,57,57,57,57,57,57,57,57,57,57,57,57,57,57,57,57,57,57,57,57,57,57,57,57,57,57,57,57,57,57,57,57,57,57,57,57,57,57,57,57,57,57,57,57,57,57,57,57,57,57,57,57,58,58,58,58,58,58,58,58,58,58,58,58,58,58,58,58,58,58,58,58,58,58,58,58,58,58,58,58,58,58,58,58,58,58,58,58,58,58,58,58,58,58,58,58,58,58,58,58,58,58,58,58,58,58,58,58,58,58,58,58,58,58,58,58,58,58,58,58,58,58,58,58,58,58,58,58,58,58,58,58,58,58,58,58,58,58,58,58,58,58,58,58,58,59,59,59,59,59,59,59,59,59,59,59,59,59,59,59,59,59,59,59,59,59,59,59,59,59,59,59,59,59,59,59,59,59,59,59,59,59,59,59,59,59,59,59,59,59,59,59,59,59,59,59,59,59,59,59,59,59,59,59,59,59,59,59,59,59,59,59,59,59,59,59,59,59,59,59,59,59,59,59,59,59,59,59,59,59,59,59,59,59,59,59,59,60,60,60,60,60,60,60,60,60,60,60,60,60,60,60,60,60,60,60,60,60,60,60,60,60,60,60,60,60,60,60,60,60,60,60,60,60,60,60,60,60,60,60,60,60,60,60,60,60,60,60,60,60,60,60,60,60,60,60,60,60,60,60,60,60,60,60,60,60,60,60,60,60,60,60,60,60,60,60,60,60,60,60,60,60,60,60,60,60,60,61,61,61,61,61,61,61,61,61,61,61,61,61,61,61,61,61,61,61,61,61,61,61,61,61,61,61,61,61,61,61,61,61,61,61,61,61,61,61,61,61,61,61,61,61,61,61,61,61,61,61,61,61,61,61,61,61,61,61,61,61,61,61,61,61,61,61,61,61,61,61,61,61,61,61,61,61,61,61,61,61,61,61,61,61,61,61,61,61,61,61,61,61,61,61,61,61,61,61,61,61,61,62,62,62,62,62,62,62,62,62,62,62,62,62,62,62,62,62,62,62,62,62,62,62,62,62,62,62,62,62,62,62,62,62,62,62,62,62,62,62,62,62,62,62,62,62,62,62,62,62,62,62,62,62,62,62,62,62,62,62,62,62,62,62,62,62,62,62,62,62,62,62,62,62,62,62,62,62,62,62,62,62,62,62,62,62,62,62,62,62,62,62,62,62,62,62,62,62,62,62,62,62,62,62,62,62,62,62,62,62,62,62,62,62,62,62,63,63,63,63,63,63,63,63,63,63,63,63,63,63,63,63,63,63,63,63,63,63,63,63,63,63,63,63,63,63,63,63,63,63,63,63,63,63,63,63,63,63,63,63,63,63,63,63,63,63,63,63,63,63,63,63,63,63,63,63,63,63,63,63,63,63,63,63,63,63,63,63,63,63,63,63,63,63,63,63,63,63,63,63,63,63,63,63,63,63,63,63,63,63,63,63,63,63,63,63,63,64,64,64,64,64,64,64,64,64,64,64,64,64,64,64,64,64,64,64,64,64,64,64,64,64,64,64,64,64,64,64,64,64,64,64,64,64,64,64,64,64,64,64,64,64,64,64,64,64,64,64,64,64,64,64,64,64,64,64,64,64,64,64,64,64,64,64,64,64,64,64,64,64,64,64,64,64,64,64,64,64,64,64,64,64,64,64,64,64,64,64,64,64,64,65,65,65,65,65,65,65,65,65,65,65,65,65,65,65,65,65,65,65,65,65,65,65,65,65,65,65,65,65,65,65,65,65,65,65,65,65,65,65,65,65,65,65,65,65,65,65,65,65,65,65,65,65,65,65,65,65,65,65,65,65,65,65,65,65,65,65,65,65,65,65,65,65,65,65,65,65,65,65,65,65,65,65,65,65,65,65,65,65,65,66,66,66,66,66,66,66,66,66,66,66,66,66,66,66,66,66,66,66,66,66,66,66,66,66,66,66,66,66,66,66,66,66,66,66,66,66,66,66,66,66,66,66,66,66,66,66,66,66,66,66,66,66,66,66,66,66,66,66,66,66,66,66,66,66,66,66,66,66,66,66,66,66,66,66,66,66,66,66,66,66,66,66,66,66,66,66,66,66,66,66,66,66,66,67,67,67,67,67,67,67,67,67,67,67,67,67,67,67,67,67,67,67,67,67,67,67,67,67,67,67,67,67,67,67,67,67,67,67,67,67,67,67,67,67,67,67,67,67,67,67,67,67,67,67,67,67,67,67,67,67,67,67,67,67,67,67,67,67,67,67,67,67,67,67,67,67,67,67,67,67,67,67,67,67,67,67,67,67,67,67,67,67,67,67,67,67,67,67,67,67,67,67,67,67,68,68,68,68,68,68,68,68,68,68,68,68,68,68,68,68,68,68,68,68,68,68,68,68,68,68,68,68,68,68,68,68,68,68,68,68,68,68,68,68,68,68,68,68,68,68,68,68,68,68,68,68,68,68,68,68,68,68,68,68,68,68,68,68,68,68,68,68,68,68,68,68,68,68,68,68,68,68,68,68,68,68,68,68,68,68,68,68,68,68,68,68,68,68,68,68,68,68,68,68,68,68,68,68,68,68,68,68,68,68,68,69,69,69,69,69,69,69,69,69,69,69,69,69,69,69,69,69,69,69,69,69,69,69,69,69,69,69,69,69,69,69,69,69,69,69,69,69,69,69,69,69,69,69,69,69,69,69,69,69,69,69,69,69,69,69,69,69,69,69,69,69,69,69,69,69,69,69,69,69,69,69,69,69,69,69,69,69,69,69,69,69,69,69,69,69,69,69,69,69,69,69,69,69,69,69,69,69,69,69,69,69,69,69,70,70,70,70,70,70,70,70,70,70,70,70,70,70,70,70,70,70,70,70,70,70,70,70,70,70,70,70,70,70,70,70,70,70,70,70,70,70,70,70,70,70,70,70,70,70,70,70,70,70,70,70,70,70,70,70,70,70,70,70,70,70,70,70,70,70,70,70,70,70,70,70,70,70,70,70,70,70,70,70,70,70,70,70,70,70,70,70,70,70,70,70,70,70,70,70,70,70,70,70,70,70,70,70,70,70,71,71,71,71,71,71,71,71,71,71,71,71,71,71,71,71,71,71,71,71,71,71,71,71,71,71,71,71,71,71,71,71,71,71,71,71,71,71,71,71,71,71,71,71,71,71,71,71,71,71,71,71,71,71,71,71,71,71,71,71,71,71,71,71,71,71,71,71,71,71,71,71,71,71,71,71,71,71,71,71,71,71,71,71,71,71,71,71,71,71,71,71,71,71,71,71,71,71,71,71,71,72,72,72,72,72,72,72,72,72,72,72,72,72,72,72,72,72,72,72,72,72,72,72,72,72,72,72,72,72,72,72,72,72,72,72,72,72,72,72,72,72,72,72,72,72,72,72,72,72,72,72,72,72,72,72,72,72,72,72,72,72,72,72,72,72,72,72,72,72,72,72,72,72,72,72,72,72,72,72,72,72,72,72,72,72,72,72,72,72,72,72,72,72,72,72,72,72,72,72,72,72,73,73,73,73,73,73,73,73,73,73,73,73,73,73,73,73,73,73,73,73,73,73,73,73,73,73,73,73,73,73,73,73,73,73,73,73,73,73,73,73,73,73,73,73,73,73,73,73,73,73,73,73,73,73,73,73,73,73,73,73,73,73,73,73,73,73,73,73,73,73,73,73,73,73,73,73,73,73,73,73,74,74,74,74,74,74,74,74,74,74,74,74,74,74,74,74,74,74,74,74,74,74,74,74,74,74,74,74,74,74,74,74,74,74,74,74,74,74,74,74,74,74,74,74,74,74,74,74,74,74,74,74,74,74,74,74,74,74,74,74,74,74,74,74,74,74,74,74,74,74,74,74,74,74,74,74,74,74,74,74,74,74,74,74,74,74,74,74,74,74,74,74,74,74,74,74,74,74,74,74,74,74,74,75,75,75,75,75,75,75,75,75,75,75,75,75,75,75,75,75,75,75,75,75,75,75,75,75,75,75,75,75,75,75,75,75,75,75,75,75,75,75,75,75,75,75,75,75,75,75,75,75,75,75,75,75,75,75,75,75,75,75,75,75,75,75,75,75,75,75,75,75,75,75,75,75,75,75,75,75,75,75,75,75,75,75,75,75,75,75,75,75,75,75,75,75,75,75,75,75,75,75,75,75,75,75,75,76,76,76,76,76,76,76,76,76,76,76,76,76,76,76,76,76,76,76,76,76,76,76,76,76,76,76,76,76,76,76,76,76,76,76,76,76,76,76,76,76,76,76,76,76,76,76,76,76,76,76,76,76,76,76,76,76,76,76,76,76,76,76,76,76,76,76,76,76,76,76,76,76,76,76,76,76,76,76,76,76,76,76,76,76,76,76,76,76,76,76,76,76,76,76,76,76,76,76,76,76,76,76,76,76,76,76,77,77,77,77,77,77,77,77,77,77,77,77,77,77,77,77,77,77,77,77,77,77,77,77,77,77,77,77,77,77,77,77,77,77,77,77,77,77,77,77,77,77,77,77,77,77,77,77,77,77,77,77,77,77,77,77,77,77,77,77,77,77,77,77,77,77,77,77,77,77,77,77,77,77,77,77,77,77,77,77,77,77,77,77,77,77,77,77,77,77,77,77,77,77,78,78,78,78,78,78,78,78,78,78,78,78,78,78,78,78,78,78,78,78,78,78,78,78,78,78,78,78,78,78,78,78,78,78,78,78,78,78,78,78,78,78,78,78,78,78,78,78,78,78,78,78,78,78,78,78,78,78,78,78,78,78,78,78,78,78,78,78,78,78,78,78,78,78,78,78,78,78,78,78,78,78,78,78,78,78,78,78,78,78,78,78,78,78,78,78,78,78,78,78,78,78,78,78,78,78,78,78,78,78,78,78,78,78,78,79,79,79,79,79,79,79,79,79,79,79,79,79,79,79,79,79,79,79,79,79,79,79,79,79,79,79,79,79,79,79,79,79,79,79,79,79,79,79,79,79,79,79,79,79,79,79,79,79,79,79,79,79,79,79,79,79,79,79,79,79,79,79,79,79,79,79,79,79,79,79,79,79,79,80,80,80,80,80,80,80,80,80,80,80,80,80,80,80,80,80,80,80,80,80,80,80,80,80,80,80,80,80,80,80,80,80,80,80,80,80,80,80,80,80,80,80,80,80,80,80,80,80,80,80,80,80,80,80,80,80,80,80,80,80,80,80,80,80,80,80,80,80,80,80,80,80,80,80,80,80,80,80,80,80,80,80,80,80,80,80,80,80,80,80,80,80,80,80,80,80,81,81,81,81,81,81,81,81,81,81,81,81,81,81,81,81,81,81,81,81,81,81,81,81,81,81,81,81,81,81,81,81,81,81,81,81,81,81,81,81,81,81,81,81,81,81,81,81,81,81,81,81,81,81,81,81,81,81,81,81,81,81,81,81,81,81,81,81,81,81,81,81,81,81,81,81,81,81,81,81,81,81,81,81,81,81,81,81,81,81,81,81,81,81,81,81,81,81,81,81,81,82,82,82,82,82,82,82,82,82,82,82,82,82,82,82,82,82,82,82,82,82,82,82,82,82,82,82,82,82,82,82,82,82,82,82,82,82,82,82,82,82,82,82,82,82,82,82,82,82,82,82,82,82,82,82,82,82,82,82,82,82,82,82,82,82,82,82,82,82,82,82,82,82,82,82,82,82,82,82,82,82,82,82,82,82,82,82,82,82,82,82,82,82,82,82,82,82,82,82,82,82,82,82,82,82,83,83,83,83,83,83,83,83,83,83,83,83,83,83,83,83,83,83,83,83,83,83,83,83,83,83,83,83,83,83,83,83,83,83,83,83,83,83,83,83,83,83,83,83,83,83,83,83,83,83,83,83,83,83,83,83,83,83,83,83,83,83,83,83,83,83,83,83,83,83,83,83,83,83,83,83,83,83,83,83,83,83,83,83,83,83,83,83,83,83,83,83,83,83,83,83,83,83,84,84,84,84,84,84,84,84,84,84,84,84,84,84,84,84,84,84,84,84,84,84,84,84,84,84,84,84,84,84,84,84,84,84,84,84,84,84,84,84,84,84,84,84,84,84,84,84,84,84,84,84,84,84,84,84,84,84,84,84,84,84,84,84,84,84,84,84,84,84,84,84,84,84,84,84,84,84,84,84,84,84,84,84,84,84,84,84,84,84,84,84,84,84,84,84,84,84,85,85,85,85,85,85,85,85,85,85,85,85,85,85,85,85,85,85,85,85,85,85,85,85,85,85,85,85,85,85,85,85,85,85,85,85,85,85,85,85,85,85,85,85,85,85,85,85,85,85,85,85,85,85,85,85,85,85,85,85,85,85,85,85,85,85,85,85,85,85,85,85,85,85,85,85,85,85,85,85,85,85,85,85,85,85,85,85,85,85,85,85,85,86,86,86,86,86,86,86,86,86,86,86,86,86,86,86,86,86,86,86,86,86,86,86,86,86,86,86,86,86,86,86,86,86,86,86,86,86,86,86,86,86,86,86,86,86,86,86,86,86,86,86,86,86,86,86,86,86,86,86,86,86,86,86,86,86,86,86,86,86,86,86,86,86,86,86,86,86,86,86,87,87,87,87,87,87,87,87,87,87,87,87,87,87,87,87,87,87,87,87,87,87,87,87,87,87,87,87,87,87,87,87,87,87,87,87,87,87,87,87,87,87,87,87,87,87,87,87,87,87,87,87,87,87,87,87,87,87,87,87,87,87,87,87,87,87,87,87,87,87,87,87,87,87,87,87,87,87,87,87,87,87,87,87,87,87,87,87,87,88,88,88,88,88,88,88,88,88,88,88,88,88,88,88,88,88,88,88,88,88,88,88,88,88,88,88,88,88,88,88,88,88,88,88,88,88,88,88,88,88,88,88,88,88,88,88,88,88,88,88,88,88,88,88,88,88,88,88,88,88,88,88,88,88,88,88,88,88,88,88,88,88,88,88,88,88,88,88,88,88,88,88,88,88,88,88,88,88,88,88,88,88,88,88,88,88,88,88,88,88,88,88,88,88,88,89,89,89,89,89,89,89,89,89,89,89,89,89,89,89,89,89,89,89,89,89,89,89,89,89,89,89,89,89,89,89,89,89,89,89,89,89,89,89,89,89,89,89,89,89,89,89,89,89,89,89,89,89,89,89,89,89,89,89,89,89,89,89,89,89,89,89,89,89,89,89,89,89,89,89,89,89,89,89,89,89,89,89,89,89,89,89,89,90,90,90,90,90,90,90,90,90,90,90,90,90,90,90,90,90,90,90,90,90,90,90,90,90,90,90,90,90,90,90,90,90,90,90,90,90,90,90,90,90,90,90,90,90,90,90,90,90,90,90,90,90,90,90,90,90,90,90,90,90,90,90,90,90,90,90,90,90,90,90,90,90,90,90,90,90,90,90,90,90,90,90,90,90,90,90,90,90,90,90,90,90,90,90,90,90,90,90,90,91,91,91,91,91,91,91,91,91,91,91,91,91,91,91,91,91,91,91,91,91,91,91,91,91,91,91,91,91,91,91,91,91,91,91,91,91,91,91,91,91,91,91,91,91,91,91,91,91,91,91,91,91,91,91,91,91,91,91,91,91,91,91,91,91,91,91,91,91,91,91,91,91,91,91,91,91,91,91,91,91,91,91,91,91,91,91,91,91,91,92,92,92,92,92,92,92,92,92,92,92,92,92,92,92,92,92,92,92,92,92,92,92,92,92,92,92,92,92,92,92,92,92,92,92,92,92,92,92,92,92,92,92,92,92,92,92,92,92,92,92,92,92,92,92,92,92,92,92,92,92,92,92,92,92,92,92,92,92,92,92,92,92,92,92,92,92,92,92,92,92,92,92,92,92,92,92,92,92,92,92,92,92,92,92,92,92,92,92,93,93,93,93,93,93,93,93,93,93,93,93,93,93,93,93,93,93,93,93,93,93,93,93,93,93,93,93,93,93,93,93,93,93,93,93,93,93,93,93,93,93,93,93,93,93,93,93,93,93,93,93,93,93,93,93,93,93,93,93,93,93,93,93,93,93,93,93,93,93,93,93,93,93,93,93,93,93,93,93,93,93,93,93,93,93,93,93,93,93,93,93,94,94,94,94,94,94,94,94,94,94,94,94,94,94,94,94,94,94,94,94,94,94,94,94,94,94,94,94,94,94,94,94,94,94,94,94,94,94,94,94,94,94,94,94,94,94,94,94,94,94,94,94,94,94,94,94,94,94,94,94,94,94,94,94,94,94,94,94,94,94,94,94,94,94,94,94,94,94,94,94,94,94,94,94,94,94,94,94,94,95,95,95,95,95,95,95,95,95,95,95,95,95,95,95,95,95,95,95,95,95,95,95,95,95,95,95,95,95,95,95,95,95,95,95,95,95,95,95,95,95,95,95,95,95,95,95,95,95,95,95,95,95,95,95,95,95,95,95,95,95,95,95,95,95,95,95,95,95,95,95,95,95,95,95,95,95,95,95,95,95,95,95,95,95,95,95,95,95,95,95,95,95,95,95,95,95,95,95,95,95,95,95,95,95,95,95,96,96,96,96,96,96,96,96,96,96,96,96,96,96,96,96,96,96,96,96,96,96,96,96,96,96,96,96,96,96,96,96,96,96,96,96,96,96,96,96,96,96,96,96,96,96,96,96,96,96,96,96,96,96,96,96,96,96,96,96,96,96,96,96,96,96,96,96,96,96,96,96,96,96,96,96,96,96,96,96,96,96,96,96,96,96,96,96,96,96,96,96,96,96,96,96,96,96,96,96,96,96,96,96,96,96,96,96,96,96,96,96,96,96,96,96,96,96,96,96,96,97,97,97,97,97,97,97,97,97,97,97,97,97,97,97,97,97,97,97,97,97,97,97,97,97,97,97,97,97,97,97,97,97,97,97,97,97,97,97,97,97,97,97,97,97,97,97,97,97,97,97,97,97,97,97,97,97,97,97,97,97,97,97,97,97,97,97,97,97,97,97,97,97,97,97,97,97,97,97,97,97,97,97,97,97,97,97,97,97,97,97,97,97,97,97,97,97,97,98,98,98,98,98,98,98,98,98,98,98,98,98,98,98,98,98,98,98,98,98,98,98,98,98,98,98,98,98,98,98,98,98,98,98,98,98,98,98,98,98,98,98,98,98,98,98,98,98,98,98,98,98,98,98,98,98,98,98,98,98,98,98,98,98,98,98,98,98,98,98,98,98,98,98,98,98,98,98,98,98,98,98,98,98,98,98,98,98,98,98,98,98,98,98,98,98,98,98,98,99,99,99,99,99,99,99,99,99,99,99,99,99,99,99,99,99,99,99,99,99,99,99,99,99,99,99,99,99,99,99,99,99,99,99,99,99,99,99,99,99,99,99,99,99,99,99,99,99,99,99,99,99,99,99,99,99,99,99,99,99,99,99,99,99,99,99,99,99,99,99,99,99,99,99,99,99,99,99,99,99,99,99,99,99,99,99,99,99,99,99,99,99,99,99,99,99,99,99,99,99,99,99,99,100,100,100,100,100,100,100,100,100,100,100,100,100,100,100,100,100,100,100,100,100,100,100,100,100,100,100,100,100,100,100,100,100,100,100,100,100,100,100,100,100,100,100,100,100,100,100,100,100,100,100,100,100,100,100,100,100,100,100,100,100,100,100,100,100,100,100,100,100,100,100,100,100,100,100,100,100,100,100,100,100,100,100,100,100,100,100,100,100,100,100,100,100,100,100,100,100,100,100,100,100,100,100,100,100,100,100,100,100,100,100,100,100,100,100,100,100
Bubble Sort,1.818410900,seconds
Selection Sort,1.256136400,seconds
Insertion Sort,0.000628600,seconds
Merge Sort,0.015919900,seconds
Quick Sort,0.042164200,seconds
Heap Sort,0.017174600,seconds
Counting Sort,0.002033600,seconds
Radix Sort,0.006141600,seconds
Bucket Sort,0.001880600,seconds
Shell Sort,0.009896400,seconds
Cocktail Shaker Sort,0.000579900,seconds
Comb Sort,0.016363100,seconds
Timsort,0.000033200,seconds
100,100,100,100,100,100,100,100,100,100,100,100,100,100,100,100,100,100,100,100,100,100,100,100,100,100,100,100,100,100,100,100,100,100,100,100,100,100,100,100,100,100,100,100,100,100,100,100,100,100,100,100,100,100,100,100,100,100,100,100,100,100,100,100,100,100,100,100,100,100,100,100,100,100,100,100,100,100,100,100,100,100,100,100,100,100,100,100,100,100,100,100,100,100,100,100,100,100,100,100,100,100,100,100,100,100,100,100,100,100,100,100,100,100,100,100,100,99,99,99,99,99,99,99,99,99,99,99,99,99,99,99,99,99,99,99,99,99,99,99,99,99,99,99,99,99,99,99,99,99,99,99,99,99,99,99,99,99,99,99,99,99,99,99,99,99,99,99,99,99,99,99,99,99,99,99,99,99,99,99,99,99,99,99,99,99,99,99,99,99,99,99,99,99,99,99,99,99,99,99,99,99,99,99,99,99,99,99,99,99,99,99,99,99,99,99,99,99,99,99,99,98,98,98,98,98,98,98,98,98,98,98,98,98,98,98,98,98,98,98,98,98,98,98,98,98,98,98,98,98,98,98,98,98,98,98,98,98,98,98,98,98,98,98,98,98,98,98,98,98,98,98,98,98,98,98,98,98,98,98,98,98,98,98,98,98,98,98,98,98,98,98,98,98,98,98,98,98,98,98,98,98,98,98,98,98,98,98,98,98,98,98,98,98,98,98,98,98,98,98,98,97,97,97,97,97,97,97,97,97,97,97,97,97,97,97,97,97,97,97,97,97,97,97,97,97,97,97,97,97,97,97,97,97,97,97,97,97,97,97,97,97,97,97,97,97,97,97,97,97,97,97,97,97,97,97,97,97,97,97,97,97,97,97,97,97,97,97,97,97,97,97,97,97,97,97,97,97,97,97,97,97,97,97,97,97,97,97,97,97,97,97,97,97,97,97,97,97,97,96,96,96,96,96,96,96,96,96,96,96,96,96,96,96,96,96,96,96,96,96,96,96,96,96,96,96,96,96,96,96,96,96,96,96,96,96,96,96,96,96,96,96,96,96,96,96,96,96,96,96,96,96,96,96,96,96,96,96,96,96,96,96,96,96,96,96,96,96,96,96,96,96,96,96,96,96,96,96,96,96,96,96,96,96,96,96,96,96,96,96,96,96,96,96,96,96,96,96,96,96,96,96,96,96,96,96,96,96,96,96,96,96,96,96,96,96,96,96,96,96,95,95,95,95,95,95,95,95,95,95,95,95,95,95,95,95,95,95,95,95,95,95,95,95,95,95,95,95,95,95,95,95,95,95,95,95,95,95,95,95,95,95,95,95,95,95,95,95,95,95,95,95,95,95,95,95,95,95,95,95,95,95,95,95,95,95,95,95,95,95,95,95,95,95,95,95,95,95,95,95,95,95,95,95,95,95,95,95,95,95,95,95,95,95,95,95,95,95,95,95,95,95,95,95,95,95,95,94,94,94,94,94,94,94,94,94,94,94,94,94,94,94,94,94,94,94,94,94,94,94,94,94,94,94,94,94,94,94,94,94,94,94,94,94,94,94,94,94,94,94,94,94,94,94,94,94,94,94,94,94,94,94,94,94,94,94,94,94,94,94,94,94,94,94,94,94,94,94,94,94,94,94,94,94,94,94,94,94,94,94,94,94,94,94,94,94,93,93,93,93,93,93,93,93,93,93,93,93,93,93,93,93,93,93,93,93,93,93,93,93,93,93,93,93,93,93,93,93,93,93,93,93,93,93,93,93,93,93,93,93,93,93,93,93,93,93,93,93,93,93,93,93,93,93,93,93,93,93,93,93,93,93,93,93,93,93,93,93,93,93,93,93,93,93,93,93,93,93,93,93,93,93,93,93,93,93,93,93,92,92,92,92,92,92,92,92,92,92,92,92,92,92,92,92,92,92,92,92,92,92,92,92,92,92,92,92,92,92,92,92,92,92,92,92,92,92,92,92,92,92,92,92,92,92,92,92,92,92,92,92,92,92,92,92,92,92,92,92,92,92,92,92,92,92,92,92,92,92,92,92,92,92,92,92,92,92,92,92,92,92,92,92,92,92,92,92,92,92,92,92,92,92,92,92,92,92,92,91,91,91,91,91,91,91,91,91,91,91,91,91,91,91,91,91,91,91,91,91,91,91,91,91,91,91,91,91,91,91,91,91,91,91,91,91,91,91,91,91,91,91,91,91,91,91,91,91,91,91,91,91,91,91,91,91,91,91,91,91,91,91,91,91,91,91,91,91,91,91,91,91,91,91,91,91,91,91,91,91,91,91,91,91,91,91,91,91,91,90,90,90,90,90,90,90,90,90,90,90,90,90,90,90,90,90,90,90,90,90,90,90,90,90,90,90,90,90,90,90,90,90,90,90,90,90,90,90,90,90,90,90,90,90,90,90,90,90,90,90,90,90,90,90,90,90,90,90,90,90,90,90,90,90,90,90,90,90,90,90,90,90,90,90,90,90,90,90,90,90,90,90,90,90,90,90,90,90,90,90,90,90,90,90,90,90,90,90,90,89,89,89,89,89,89,89,89,89,89,89,89,89,89,89,89,89,89,89,89,89,89,89,89,89,89,89,89,89,89,89,89,89,89,89,89,89,89,89,89,89,89,89,89,89,89,89,89,89,89,89,89,89,89,89,89,89,89,89,89,89,89,89,89,89,89,89,89,89,89,89,89,89,89,89,89,89,89,89,89,89,89,89,89,89,89,89,89,88,88,88,88,88,88,88,88,88,88,88,88,88,88,88,88,88,88,88,88,88,88,88,88,88,88,88,88,88,88,88,88,88,88,88,88,88,88,88,88,88,88,88,88,88,88,88,88,88,88,88,88,88,88,88,88,88,88,88,88,88,88,88,88,88,88,88,88,88,88,88,88,88,88,88,88,88,88,88,88,88,88,88,88,88,88,88,88,88,88,88,88,88,88,88,88,88,88,88,88,88,88,88,88,88,88,87,87,87,87,87,87,87,87,87,87,87,87,87,87,87,87,87,87,87,87,87,87,87,87,87,87,87,87,87,87,87,87,87,87,87,87,87,87,87,87,87,87,87,87,87,87,87,87,87,87,87,87,87,87,87,87,87,87,87,87,87,87,87,87,87,87,87,87,87,87,87,87,87,87,87,87,87,87,87,87,87,87,87,87,87,87,87,87,87,86,86,86,86,86,86,86,86,86,86,86,86,86,86,86,86,86,86,86,86,86,86,86,86,86,86,86,86,86,86,86,86,86,86,86,86,86,86,86,86,86,86,86,86,86,86,86,86,86,86,86,86,86,86,86,86,86,86,86,86,86,86,86,86,86,86,86,86,86,86,86,86,86,86,86,86,86,86,86,85,85,85,85,85,85,85,85,85,85,85,85,85,85,85,85,85,85,85,85,85,85,85,85,85,85,85,85,85,85,85,85,85,85,85,85,85,85,85,85,85,85,85,85,85,85,85,85,85,85,85,85,85,85,85,85,85,85,85,85,85,85,85,85,85,85,85,85,85,85,85,85,85,85,85,85,85,85,85,85,85,85,85,85,85,85,85,85,85,85,85,85,85,84,84,84,84,84,84,84,84,84,84,84,84,84,84,84,84,84,84,84,84,84,84,84,84,84,84,84,84,84,84,84,84,84,84,84,84,84,84,84,84,84,84,84,84,84,84,84,84,84,84,84,84,84,84,84,84,84,84,84,84,84,84,84,84,84,84,84,84,84,84,84,84,84,84,84,84,84,84,84,84,84,84,84,84,84,84,84,84,84,84,84,84,84,84,84,84,84,84,83,83,83,83,83,83,83,83,83,83,83,83,83,83,83,83,83,83,83,83,83,83,83,83,83,83,83,83,83,83,83,83,83,83,83,83,83,83,83,83,83,83,83,83,83,83,83,83,83,83,83,83,83,83,83,83,83,83,83,83,83,83,83,83,83,83,83,83,83,83,83,83,83,83,83,83,83,83,83,83,83,83,83,83,83,83,83,83,83,83,83,83,83,83,83,83,83,83,82,82,82,82,82,82,82,82,82,82,82,82,82,82,82,82,82,82,82,82,82,82,82,82,82,82,82,82,82,82,82,82,82,82,82,82,82,82,82,82,82,82,82,82,82,82,82,82,82,82,82,82,82,82,82,82,82,82,82,82,82,82,82,82,82,82,82,82,82,82,82,82,82,82,82,82,82,82,82,82,82,82,82,82,82,82,82,82,82,82,82,82,82,82,82,82,82,82,82,82,82,82,82,82,82,81,81,81,81,81,81,81,81,81,81,81,81,81,81,81,81,81,81,81,81,81,81,81,81,81,81,81,81,81,81,81,81,81,81,81,81,81,81,81,81,81,81,81,81,81,81,81,81,81,81,81,81,81,81,81,81,81,81,81,81,81,81,81,81,81,81,81,81,81,81,81,81,81,81,81,81,81,81,81,81,81,81,81,81,81,81,81,81,81,81,81,81,81,81,81,81,81,81,81,81,81,80,80,80,80,80,80,80,80,80,80,80,80,80,80,80,80,80,80,80,80,80,80,80,80,80,80,80,80,80,80,80,80,80,80,80,80,80,80,80,80,80,80,80,80,80,80,80,80,80,80,80,80,80,80,80,80,80,80,80,80,80,80,80,80,80,80,80,80,80,80,80,80,80,80,80,80,80,80,80,80,80,80,80,80,80,80,80,80,80,80,80,80,80,80,80,80,80,79,79,79,79,79,79,79,79,79,79,79,79,79,79,79,79,79,79,79,79,79,79,79,79,79,79,79,79,79,79,79,79,79,79,79,79,79,79,79,79,79,79,79,79,79,79,79,79,79,79,79,79,79,79,79,79,79,79,79,79,79,79,79,79,79,79,79,79,79,79,79,79,79,79,78,78,78,78,78,78,78,78,78,78,78,78,78,78,78,78,78,78,78,78,78,78,78,78,78,78,78,78,78,78,78,78,78,78,78,78,78,78,78,78,78,78,78,78,78,78,78,78,78,78,78,78,78,78,78,78,78,78,78,78,78,78,78,78,78,78,78,78,78,78,78,78,78,78,78,78,78,78,78,78,78,78,78,78,78,78,78,78,78,78,78,78,78,78,78,78,78,78,78,78,78,78,78,78,78,78,78,78,78,78,78,78,78,78,78,77,77,77,77,77,77,77,77,77,77,77,77,77,77,77,77,77,77,77,77,77,77,77,77,77,77,77,77,77,77,77,77,77,77,77,77,77,77,77,77,77,77,77,77,77,77,77,77,77,77,77,77,77,77,77,77,77,77,77,77,77,77,77,77,77,77,77,77,77,77,77,77,77,77,77,77,77,77,77,77,77,77,77,77,77,77,77,77,77,77,77,77,77,77,76,76,76,76,76,76,76,76,76,76,76,76,76,76,76,76,76,76,76,76,76,76,76,76,76,76,76,76,76,76,76,76,76,76,76,76,76,76,76,76,76,76,76,76,76,76,76,76,76,76,76,76,76,76,76,76,76,76,76,76,76,76,76,76,76,76,76,76,76,76,76,76,76,76,76,76,76,76,76,76,76,76,76,76,76,76,76,76,76,76,76,76,76,76,76,76,76,76,76,76,76,76,76,76,76,76,76,75,75,75,75,75,75,75,75,75,75,75,75,75,75,75,75,75,75,75,75,75,75,75,75,75,75,75,75,75,75,75,75,75,75,75,75,75,75,75,75,75,75,75,75,75,75,75,75,75,75,75,75,75,75,75,75,75,75,75,75,75,75,75,75,75,75,75,75,75,75,75,75,75,75,75,75,75,75,75,75,75,75,75,75,75,75,75,75,75,75,75,75,75,75,75,75,75,75,75,75,75,75,75,75,74,74,74,74,74,74,74,74,74,74,74,74,74,74,74,74,74,74,74,74,74,74,74,74,74,74,74,74,74,74,74,74,74,74,74,74,74,74,74,74,74,74,74,74,74,74,74,74,74,74,74,74,74,74,74,74,74,74,74,74,74,74,74,74,74,74,74,74,74,74,74,74,74,74,74,74,74,74,74,74,74,74,74,74,74,74,74,74,74,74,74,74,74,74,74,74,74,74,74,74,74,74,74,73,73,73,73,73,73,73,73,73,73,73,73,73,73,73,73,73,73,73,73,73,73,73,73,73,73,73,73,73,73,73,73,73,73,73,73,73,73,73,73,73,73,73,73,73,73,73,73,73,73,73,73,73,73,73,73,73,73,73,73,73,73,73,73,73,73,73,73,73,73,73,73,73,73,73,73,73,73,73,73,72,72,72,72,72,72,72,72,72,72,72,72,72,72,72,72,72,72,72,72,72,72,72,72,72,72,72,72,72,72,72,72,72,72,72,72,72,72,72,72,72,72,72,72,72,72,72,72,72,72,72,72,72,72,72,72,72,72,72,72,72,72,72,72,72,72,72,72,72,72,72,72,72,72,72,72,72,72,72,72,72,72,72,72,72,72,72,72,72,72,72,72,72,72,72,72,72,72,72,72,72,71,71,71,71,71,71,71,71,71,71,71,71,71,71,71,71,71,71,71,71,71,71,71,71,71,71,71,71,71,71,71,71,71,71,71,71,71,71,71,71,71,71,71,71,71,71,71,71,71,71,71,71,71,71,71,71,71,71,71,71,71,71,71,71,71,71,71,71,71,71,71,71,71,71,71,71,71,71,71,71,71,71,71,71,71,71,71,71,71,71,71,71,71,71,71,71,71,71,71,71,71,70,70,70,70,70,70,70,70,70,70,70,70,70,70,70,70,70,70,70,70,70,70,70,70,70,70,70,70,70,70,70,70,70,70,70,70,70,70,70,70,70,70,70,70,70,70,70,70,70,70,70,70,70,70,70,70,70,70,70,70,70,70,70,70,70,70,70,70,70,70,70,70,70,70,70,70,70,70,70,70,70,70,70,70,70,70,70,70,70,70,70,70,70,70,70,70,70,70,70,70,70,70,70,70,70,70,69,69,69,69,69,69,69,69,69,69,69,69,69,69,69,69,69,69,69,69,69,69,69,69,69,69,69,69,69,69,69,69,69,69,69,69,69,69,69,69,69,69,69,69,69,69,69,69,69,69,69,69,69,69,69,69,69,69,69,69,69,69,69,69,69,69,69,69,69,69,69,69,69,69,69,69,69,69,69,69,69,69,69,69,69,69,69,69,69,69,69,69,69,69,69,69,69,69,69,69,69,69,69,68,68,68,68,68,68,68,68,68,68,68,68,68,68,68,68,68,68,68,68,68,68,68,68,68,68,68,68,68,68,68,68,68,68,68,68,68,68,68,68,68,68,68,68,68,68,68,68,68,68,68,68,68,68,68,68,68,68,68,68,68,68,68,68,68,68,68,68,68,68,68,68,68,68,68,68,68,68,68,68,68,68,68,68,68,68,68,68,68,68,68,68,68,68,68,68,68,68,68,68,68,68,68,68,68,68,68,68,68,68,68,67,67,67,67,67,67,67,67,67,67,67,67,67,67,67,67,67,67,67,67,67,67,67,67,67,67,67,67,67,67,67,67,67,67,67,67,67,67,67,67,67,67,67,67,67,67,67,67,67,67,67,67,67,67,67,67,67,67,67,67,67,67,67,67,67,67,67,67,67,67,67,67,67,67,67,67,67,67,67,67,67,67,67,67,67,67,67,67,67,67,67,67,67,67,67,67,67,67,67,67,67,66,66,66,66,66,66,66,66,66,66,66,66,66,66,66,66,66,66,66,66,66,66,66,66,66,66,66,66,66,66,66,66,66,66,66,66,66,66,66,66,66,66,66,66,66,66,66,66,66,66,66,66,66,66,66,66,66,66,66,66,66,66,66,66,66,66,66,66,66,66,66,66,66,66,66,66,66,66,66,66,66,66,66,66,66,66,66,66,66,66,66,66,66,66,65,65,65,65,65,65,65,65,65,65,65,65,65,65,65,65,65,65,65,65,65,65,65,65,65,65,65,65,65,65,65,65,65,65,65,65,65,65,65,65,65,65,65,65,65,65,65,65,65,65,65,65,65,65,65,65,65,65,65,65,65,65,65,65,65,65,65,65,65,65,65,65,65,65,65,65,65,65,65,65,65,65,65,65,65,65,65,65,65,65,64,64,64,64,64,64,64,64,64,64,64,64,64,64,64,64,64,64,64,64,64,64,64,64,64,64,64,64,64,64,64,64,64,64,64,64,64,64,64,64,64,64,64,64,64,64,64,64,64,64,64,64,64,64,64,64,64,64,64,64,64,64,64,64,64,64,64,64,64,64,64,64,64,64,64,64,64,64,64,64,64,64,64,64,64,64,64,64,64,64,64,64,64,64,63,63,63,63,63,63,63,63,63,63,63,63,63,63,63,63,63,63,63,63,63,63,63,63,63,63,63,63,63,63,63,63,63,63,63,63,63,63,63,63,63,63,63,63,63,63,63,63,63,63,63,63,63,63,63,63,63,63,63,63,63,63,63,63,63,63,63,63,63,63,63,63,63,63,63,63,63,63,63,63,63,63,63,63,63,63,63,63,63,63,63,63,63,63,63,63,63,63,63,63,63,62,62,62,62,62,62,62,62,62,62,62,62,62,62,62,62,62,62,62,62,62,62,62,62,62,62,62,62,62,62,62,62,62,62,62,62,62,62,62,62,62,62,62,62,62,62,62,62,62,62,62,62,62,62,62,62,62,62,62,62,62,62,62,62,62,62,62,62,62,62,62,62,62,62,62,62,62,62,62,62,62,62,62,62,62,62,62,62,62,62,62,62,62,62,62,62,62,62,62,62,62,62,62,62,62,62,62,62,62,62,62,62,62,62,62,61,61,61,61,61,61,61,61,61,61,61,61,61,61,61,61,61,61,61,61,61,61,61,61,61,61,61,61,61,61,61,61,61,61,61,61,61,61,61,61,61,61,61,61,61,61,61,61,61,61,61,61,61,61,61,61,61,61,61,61,61,61,61,61,61,61,61,61,61,61,61,61,61,61,61,61,61,61,61,61,61,61,61,61,61,61,61,61,61,61,61,61,61,61,61,61,61,61,61,61,61,61,60,60,60,60,60,60,60,60,60,60,60,60,60,60,60,60,60,60,60,60,60,60,60,60,60,60,60,60,60,60,60,60,60,60,60,60,60,60,60,60,60,60,60,60,60,60,60,60,60,60,60,60,60,60,60,60,60,60,60,60,60,60,60,60,60,60,60,60,60,60,60,60,60,60,60,60,60,60,60,60,60,60,60,60,60,60,60,60,60,60,59,59,59,59,59,59,59,59,59,59,59,59,59,59,59,59,59,59,59,59,59,59,59,59,59,59,59,59,59,59,59,59,59,59,59,59,59,59,59,59,59,59,59,59,59,59,59,59,59,59,59,59,59,59,59,59,59,59,59,59,59,59,59,59,59,59,59,59,59,59,59,59,59,59,59,59,59,59,59,59,59,59,59,59,59,59,59,59,59,59,59,59,58,58,58,58,58,58,58,58,58,58,58,58,58,58,58,58,58,58,58,58,58,58,58,58,58,58,58,58,58,58,58,58,58,58,58,58,58,58,58,58,58,58,58,58,58,58,58,58,58,58,58,58,58,58,58,58,58,58,58,58,58,58,58,58,58,58,58,58,58,58,58,58,58,58,58,58,58,58,58,58,58,58,58,58,58,58,58,58,58,58,58,58,58,57,57,57,57,57,57,57,57,57,57,57,57,57,57,57,57,57,57,57,57,57,57,57,57,57,57,57,57,57,57,57,57,57,57,57,57,57,57,57,57,57,57,57,57,57,57,57,57,57,57,57,57,57,57,57,57,57,57,57,57,57,57,57,57,57,57,57,57,57,57,57,57,57,57,57,57,57,57,57,57,57,57,57,57,57,57,57,57,57,57,57,57,57,57,57,57,57,57,57,56,56,56,56,56,56,56,56,56,56,56,56,56,56,56,56,56,56,56,56,56,56,56,56,56,56,56,56,56,56,56,56,56,56,56,56,56,56,56,56,56,56,56,56,56,56,56,56,56,56,56,56,56,56,56,56,56,56,56,56,56,56,56,56,56,56,56,56,56,56,56,56,56,56,56,56,56,56,56,56,56,56,56,56,56,56,56,55,55,55,55,55,55,55,55,55,55,55,55,55,55,55,55,55,55,55,55,55,55,55,55,55,55,55,55,55,55,55,55,55,55,55,55,55,55,55,55,55,55,55,55,55,55,55,55,55,55,55,55,55,55,55,55,55,55,55,55,55,55,55,55,55,55,55,55,55,55,55,55,55,55,55,55,55,55,55,55,55,55,55,55,55,55,55,55,55,55,55,55,55,55,55,55,55,55,55,55,55,55,55,55,55,54,54,54,54,54,54,54,54,54,54,54,54,54,54,54,54,54,54,54,54,54,54,54,54,54,54,54,54,54,54,54,54,54,54,54,54,54,54,54,54,54,54,54,54,54,54,54,54,54,54,54,54,54,54,54,54,54,54,54,54,54,54,54,54,54,54,54,54,54,54,54,54,54,54,54,54,54,54,54,54,54,54,54,54,54,54,54,54,54,54,54,54,54,54,54,54,54,54,54,53,53,53,53,53,53,53,53,53,53,53,53,53,53,53,53,53,53,53,53,53,53,53,53,53,53,53,53,53,53,53,53,53,53,53,53,53,53,53,53,53,53,53,53,53,53,53,53,53,53,53,53,53,53,53,53,53,53,53,53,53,53,53,53,53,53,53,53,53,53,53,53,53,53,53,53,53,53,53,53,53,53,53,53,53,53,53,53,53,53,53,53,53,53,53,53,53,53,53,53,53,52,52,52,52,52,52,52,52,52,52,52,52,52,52,52,52,52,52,52,52,52,52,52,52,52,52,52,52,52,52,52,52,52,52,52,52,52,52,52,52,52,52,52,52,52,52,52,52,52,52,52,52,52,52,52,52,52,52,52,52,52,52,52,52,52,52,52,52,52,52,52,52,52,52,52,52,52,52,52,52,52,52,52,52,52,52,52,52,52,52,52,52,52,52,52,52,52,52,52,52,52,52,52,52,52,52,52,52,52,52,52,52,52,52,52,52,52,52,52,52,52,52,52,51,51,51,51,51,51,51,51,51,51,51,51,51,51,51,51,51,51,51,51,51,51,51,51,51,51,51,51,51,51,51,51,51,51,51,51,51,51,51,51,51,51,51,51,51,51,51,51,51,51,51,51,51,51,51,51,51,51,51,51,51,51,51,51,51,51,51,51,51,51,51,51,51,51,51,51,51,51,51,51,51,51,51,51,51,51,51,50,50,50,50,50,50,50,50,50,50,50,50,50,50,50,50,50,50,50,50,50,50,50,50,50,50,50,50,50,50,50,50,50,50,50,50,50,50,50,50,50,50,50,50,50,50,50,50,50,50,50,50,50,50,50,50,50,50,50,50,50,50,50,50,50,50,50,50,50,50,50,50,50,50,50,50,50,50,50,50,50,50,50,50,50,50,50,50,50,50,50,50,50,50,50,50,50,50,50,50,50,50,50,50,50,50,50,50,50,50,49,49,49,49,49,49,49,49,49,49,49,49,49,49,49,49,49,49,49,49,49,49,49,49,49,49,49,49,49,49,49,49,49,49,49,49,49,49,49,49,49,49,49,49,49,49,49,49,49,49,49,49,49,49,49,49,49,49,49,49,49,49,49,49,49,49,49,49,49,49,49,49,49,49,49,49,49,49,49,49,49,49,49,49,49,49,49,49,49,49,49,49,49,49,49,49,49,49,49,49,49,49,49,49,49,48,48,48,48,48,48,48,48,48,48,48,48,48,48,48,48,48,48,48,48,48,48,48,48,48,48,48,48,48,48,48,48,48,48,48,48,48,48,48,48,48,48,48,48,48,48,48,48,48,48,48,48,48,48,48,48,48,48,48,48,48,48,48,48,48,48,48,48,48,48,48,48,48,48,48,48,48,48,48,48,48,48,48,48,48,48,48,48,48,48,48,48,48,48,48,48,48,47,47,47,47,47,47,47,47,47,47,47,47,47,47,47,47,47,47,47,47,47,47,47,47,47,47,47,47,47,47,47,47,47,47,47,47,47,47,47,47,47,47,47,47,47,47,47,47,47,47,47,47,47,47,47,47,47,47,47,47,47,47,47,47,47,47,47,47,47,47,47,47,47,47,47,47,47,47,47,47,47,47,47,47,47,47,47,47,47,47,47,47,47,47,47,47,47,47,47,47,47,47,47,47,46,46,46,46,46,46,46,46,46,46,46,46,46,46,46,46,46,46,46,46,46,46,46,46,46,46,46,46,46,46,46,46,46,46,46,46,46,46,46,46,46,46,46,46,46,46,46,46,46,46,46,46,46,46,46,46,46,46,46,46,46,46,46,46,46,46,46,46,46,46,46,46,46,46,46,46,46,46,46,46,46,46,46,46,46,46,46,46,46,46,46,46,46,46,46,46,46,46,46,46,46,46,46,46,46,46,46,46,45,45,45,45,45,45,45,45,45,45,45,45,45,45,45,45,45,45,45,45,45,45,45,45,45,45,45,45,45,45,45,45,45,45,45,45,45,45,45,45,45,45,45,45,45,45,45,45,45,45,45,45,45,45,45,45,45,45,45,45,45,45,45,45,45,45,45,45,45,45,45,45,45,45,45,45,45,45,45,45,45,45,45,45,45,45,45,45,45,44,44,44,44,44,44,44,44,44,44,44,44,44,44,44,44,44,44,44,44,44,44,44,44,44,44,44,44,44,44,44,44,44,44,44,44,44,44,44,44,44,44,44,44,44,44,44,44,44,44,44,44,44,44,44,44,44,44,44,44,44,44,44,44,44,44,44,44,44,44,44,44,44,44,44,44,44,44,44,44,44,44,44,44,44,44,44,44,44,44,44,44,44,44,44,44,44,44,44,44,44,44,44,44,44,44,44,44,44,44,44,44,44,44,44,44,44,44,44,44,44,44,44,43,43,43,43,43,43,43,43,43,43,43,43,43,43,43,43,43,43,43,43,43,43,43,43,43,43,43,43,43,43,43,43,43,43,43,43,43,43,43,43,43,43,43,43,43,43,43,43,43,43,43,43,43,43,43,43,43,43,43,43,43,43,43,43,43,43,43,43,43,43,43,43,43,43,43,43,43,43,43,43,43,43,43,43,43,43,43,43,43,42,42,42,42,42,42,42,42,42,42,42,42,42,42,42,42,42,42,42,42,42,42,42,42,42,42,42,42,42,42,42,42,42,42,42,42,42,42,42,42,42,42,42,42,42,42,42,42,42,42,42,42,42,42,42,42,42,42,42,42,42,42,42,42,42,42,42,42,42,42,42,42,42,42,42,42,42,42,42,42,42,42,42,42,41,41,41,41,41,41,41,41,41,41,41,41,41,41,41,41,41,41,41,41,41,41,41,41,41,41,41,41,41,41,41,41,41,41,41,41,41,41,41,41,41,41,41,41,41,41,41,41,41,41,41,41,41,41,41,41,41,41,41,41,41,41,41,41,41,41,41,41,41,41,41,41,41,41,41,41,41,41,41,41,41,41,41,41,41,41,41,41,41,41,41,41,41,41,41,41,41,41,41,40,40,40,40,40,40,40,40,40,40,40,40,40,40,40,40,40,40,40,40,40,40,40,40,40,40,40,40,40,40,40,40,40,40,40,40,40,40,40,40,40,40,40,40,40,40,40,40,40,40,40,40,40,40,40,40,40,40,40,40,40,40,40,40,40,40,40,40,40,40,40,40,40,40,40,40,40,40,40,40,40,40,40,40,40,40,40,40,40,40,40,40,39,39,39,39,39,39,39,39,39,39,39,39,39,39,39,39,39,39,39,39,39,39,39,39,39,39,39,39,39,39,39,39,39,39,39,39,39,39,39,39,39,39,39,39,39,39,39,39,39,39,39,39,39,39,39,39,39,39,39,39,39,39,39,39,39,39,39,39,39,39,39,39,39,39,39,39,39,39,39,39,39,39,39,39,39,39,39,39,39,39,39,39,39,39,39,39,39,39,39,39,39,39,39,39,39,39,39,39,39,39,39,39,39,39,38,38,38,38,38,38,38,38,38,38,38,38,38,38,38,38,38,38,38,38,38,38,38,38,38,38,38,38,38,38,38,38,38,38,38,38,38,38,38,38,38,38,38,38,38,38,38,38,38,38,38,38,38,38,38,38,38,38,38,38,38,38,38,38,38,38,38,38,38,38,38,38,38,38,38,38,38,38,38,38,38,38,38,38,38,38,38,38,38,38,38,38,38,38,38,38,38,38,38,38,38,38,38,38,38,37,37,37,37,37,37,37,37,37,37,37,37,37,37,37,37,37,37,37,37,37,37,37,37,37,37,37,37,37,37,37,37,37,37,37,37,37,37,37,37,37,37,37,37,37,37,37,37,37,37,37,37,37,37,37,37,37,37,37,37,37,37,37,37,37,37,37,37,37,37,37,37,37,37,37,37,37,37,37,37,37,37,37,37,37,37,37,37,37,37,37,37,37,37,37,37,36,36,36,36,36,36,36,36,36,36,36,36,36,36,36,36,36,36,36,36,36,36,36,36,36,36,36,36,36,36,36,36,36,36,36,36,36,36,36,36,36,36,36,36,36,36,36,36,36,36,36,36,36,36,36,36,36,36,36,36,36,36,36,36,36,36,36,36,36,36,36,36,36,36,36,36,36,36,36,36,36,36,36,36,36,36,36,36,36,36,36,36,36,36,36,36,36,36,35,35,35,35,35,35,35,35,35,35,35,35,35,35,35,35,35,35,35,35,35,35,35,35,35,35,35,35,35,35,35,35,35,35,35,35,35,35,35,35,35,35,35,35,35,35,35,35,35,35,35,35,35,35,35,35,35,35,35,35,35,35,35,35,35,35,35,35,35,35,35,35,35,35,35,35,35,35,35,35,35,35,35,35,35,35,35,35,35,35,35,35,35,35,35,35,35,35,35,35,35,35,35,35,35,35,34,34,34,34,34,34,34,34,34,34,34,34,34,34,34,34,34,34,34,34,34,34,34,34,34,34,34,34,34,34,34,34,34,34,34,34,34,34,34,34,34,34,34,34,34,34,34,34,34,34,34,34,34,34,34,34,34,34,34,34,34,34,34,34,34,34,34,34,34,34,34,34,34,34,34,34,34,34,34,34,34,34,34,34,34,34,34,34,34,34,34,34,34,34,34,34,34,34,34,33,33,33,33,33,33,33,33,33,33,33,33,33,33,33,33,33,33,33,33,33,33,33,33,33,33,33,33,33,33,33,33,33,33,33,33,33,33,33,33,33,33,33,33,33,33,33,33,33,33,33,33,33,33,33,33,33,33,33,33,33,33,33,33,33,33,33,33,33,33,33,33,33,33,33,33,33,33,33,33,33,33,33,33,33,33,33,33,33,33,33,33,33,33,33,33,33,33,33,33,33,33,33,33,33,33,33,32,32,32,32,32,32,32,32,32,32,32,32,32,32,32,32,32,32,32,32,32,32,32,32,32,32,32,32,32,32,32,32,32,32,32,32,32,32,32,32,32,32,32,32,32,32,32,32,32,32,32,32,32,32,32,32,32,32,32,32,32,32,32,32,32,32,32,32,32,32,32,32,32,32,32,32,32,32,32,32,32,32,32,32,32,32,32,32,32,32,32,31,31,31,31,31,31,31,31,31,31,31,31,31,31,31,31,31,31,31,31,31,31,31,31,31,31,31,31,31,31,31,31,31,31,31,31,31,31,31,31,31,31,31,31,31,31,31,31,31,31,31,31,31,31,31,31,31,31,31,31,31,31,31,31,31,31,31,31,31,31,31,31,31,31,31,31,31,31,31,31,31,31,31,31,31,31,31,31,31,31,31,31,31,31,31,31,31,31,31,31,31,31,30,30,30,30,30,30,30,30,30,30,30,30,30,30,30,30,30,30,30,30,30,30,30,30,30,30,30,30,30,30,30,30,30,30,30,30,30,30,30,30,30,30,30,30,30,30,30,30,30,30,30,30,30,30,30,30,30,30,30,30,30,30,30,30,30,30,30,30,30,30,30,30,30,30,30,30,30,30,30,30,30,30,30,30,30,30,30,30,30,30,30,30,30,30,30,30,30,30,30,30,30,30,30,30,30,30,30,30,30,29,29,29,29,29,29,29,29,29,29,29,29,29,29,29,29,29,29,29,29,29,29,29,29,29,29,29,29,29,29,29,29,29,29,29,29,29,29,29,29,29,29,29,29,29,29,29,29,29,29,29,29,29,29,29,29,29,29,29,29,29,29,29,29,29,29,29,29,29,29,29,29,29,29,29,29,29,29,29,29,29,29,29,29,28,28,28,28,28,28,28,28,28,28,28,28,28,28,28,28,28,28,28,28,28,28,28,28,28,28,28,28,28,28,28,28,28,28,28,28,28,28,28,28,28,28,28,28,28,28,28,28,28,28,28,28,28,28,28,28,28,28,28,28,28,28,28,28,28,28,28,28,28,28,28,28,28,28,28,28,28,28,28,28,28,28,28,28,28,28,28,28,28,28,28,28,28,28,28,28,28,27,27,27,27,27,27,27,27,27,27,27,27,27,27,27,27,27,27,27,27,27,27,27,27,27,27,27,27,27,27,27,27,27,27,27,27,27,27,27,27,27,27,27,27,27,27,27,27,27,27,27,27,27,27,27,27,27,27,27,27,27,27,27,27,27,27,27,27,27,27,27,27,27,27,27,27,27,27,27,27,27,27,27,27,27,27,27,27,27,27,27,27,27,27,27,27,27,27,27,27,27,26,26,26,26,26,26,26,26,26,26,26,26,26,26,26,26,26,26,26,26,26,26,26,26,26,26,26,26,26,26,26,26,26,26,26,26,26,26,26,26,26,26,26,26,26,26,26,26,26,26,26,26,26,26,26,26,26,26,26,26,26,26,26,26,26,26,26,26,26,26,26,26,26,26,26,26,26,25,25,25,25,25,25,25,25,25,25,25,25,25,25,25,25,25,25,25,25,25,25,25,25,25,25,25,25,25,25,25,25,25,25,25,25,25,25,25,25,25,25,25,25,25,25,25,25,25,25,25,25,25,25,25,25,25,25,25,25,25,25,25,25,25,25,25,25,25,25,25,25,25,25,25,25,25,25,25,25,25,25,25,25,25,25,25,25,25,25,25,25,25,25,25,25,25,25,25,25,25,25,25,25,25,25,25,25,25,25,24,24,24,24,24,24,24,24,24,24,24,24,24,24,24,24,24,24,24,24,24,24,24,24,24,24,24,24,24,24,24,24,24,24,24,24,24,24,24,24,24,24,24,24,24,24,24,24,24,24,24,24,24,24,24,24,24,24,24,24,24,24,24,24,24,24,24,24,24,24,24,24,24,24,24,24,24,24,24,24,24,24,24,24,24,24,24,24,24,24,24,24,24,24,24,24,24,24,24,24,24,24,24,24,24,24,24,24,24,24,24,24,24,23,23,23,23,23,23,23,23,23,23,23,23,23,23,23,23,23,23,23,23,23,23,23,23,23,23,23,23,23,23,23,23,23,23,23,23,23,23,23,23,23,23,23,23,23,23,23,23,23,23,23,23,23,23,23,23,23,23,23,23,23,23,23,23,23,23,23,23,23,23,23,23,23,23,23,23,23,23,23,23,23,23,23,23,23,23,23,23,23,23,23,23,23,23,22,22,22,22,22,22,22,22,22,22,22,22,22,22,22,22,22,22,22,22,22,22,22,22,22,22,22,22,22,22,22,22,22,22,22,22,22,22,22,22,22,22,22,22,22,22,22,22,22,22,22,22,22,22,22,22,22,22,22,22,22,22,22,22,22,22,22,22,22,22,22,22,22,22,22,22,22,22,22,22,22,22,22,22,22,22,22,22,22,22,22,22,22,22,22,22,22,22,22,22,22,22,22,22,22,22,22,22,22,22,21,21,21,21,21,21,21,21,21,21,21,21,21,21,21,21,21,21,21,21,21,21,21,21,21,21,21,21,21,21,21,21,21,21,21,21,21,21,21,21,21,21,21,21,21,21,21,21,21,21,21,21,21,21,21,21,21,21,21,21,21,21,21,21,21,21,21,21,21,21,21,21,21,21,21,21,21,21,21,21,21,21,21,21,21,21,21,21,21,21,21,21,21,21,21,21,21,21,21,21,21,21,21,21,21,21,21,21,20,20,20,20,20,20,20,20,20,20,20,20,20,20,20,20,20,20,20,20,20,20,20,20,20,20,20,20,20,20,20,20,20,20,20,20,20,20,20,20,20,20,20,20,20,20,20,20,20,20,20,20,20,20,20,20,20,20,20,20,20,20,20,20,20,20,20,20,20,20,20,20,20,20,20,20,20,20,20,20,20,20,20,20,20,20,20,20,20,20,20,20,20,20,20,20,20,20,20,20,20,20,20,19,19,19,19,19,19,19,19,19,19,19,19,19,19,19,19,19,19,19,19,19,19,19,19,19,19,19,19,19,19,19,19,19,19,19,19,19,19,19,19,19,19,19,19,19,19,19,19,19,19,19,19,19,19,19,19,19,19,19,19,19,19,19,19,19,19,19,19,19,19,19,19,19,19,19,19,19,19,19,19,19,19,19,19,19,19,19,19,19,19,19,19,19,19,19,19,18,18,18,18,18,18,18,18,18,18,18,18,18,18,18,18,18,18,18,18,18,18,18,18,18,18,18,18,18,18,18,18,18,18,18,18,18,18,18,18,18,18,18,18,18,18,18,18,18,18,18,18,18,18,18,18,18,18,18,18,18,18,18,18,18,18,18,18,18,18,18,18,18,18,18,18,18,18,18,18,18,18,18,18,18,18,18,18,18,18,18,18,18,18,18,18,18,18,18,18,18,18,18,18,18,18,17,17,17,17,17,17,17,17,17,17,17,17,17,17,17,17,17,17,17,17,17,17,17,17,17,17,17,17,17,17,17,17,17,17,17,17,17,17,17,17,17,17,17,17,17,17,17,17,17,17,17,17,17,17,17,17,17,17,17,17,17,17,17,17,17,17,17,17,17,17,17,17,17,17,17,17,17,17,17,17,17,17,17,17,17,17,17,17,17,17,17,17,17,17,17,17,17,17,17,17,17,17,17,17,17,17,17,17,17,17,17,17,17,17,17,16,16,16,16,16,16,16,16,16,16,16,16,16,16,16,16,16,16,16,16,16,16,16,16,16,16,16,16,16,16,16,16,16,16,16,16,16,16,16,16,16,16,16,16,16,16,16,16,16,16,16,16,16,16,16,16,16,16,16,16,16,16,16,16,16,16,16,16,16,16,16,16,16,16,16,16,16,16,16,16,16,16,16,16,16,16,16,16,16,16,16,16,16,16,16,16,16,16,16,16,16,16,16,16,16,16,16,16,16,15,15,15,15,15,15,15,15,15,15,15,15,15,15,15,15,15,15,15,15,15,15,15,15,15,15,15,15,15,15,15,15,15,15,15,15,15,15,15,15,15,15,15,15,15,15,15,15,15,15,15,15,15,15,15,15,15,15,15,15,15,15,15,15,15,15,15,15,15,15,15,15,15,15,15,15,15,15,15,15,15,15,15,15,15,15,15,15,15,15,15,15,15,15,15,15,15,15,15,15,15,14,14,14,14,14,14,14,14,14,14,14,14,14,14,14,14,14,14,14,14,14,14,14,14,14,14,14,14,14,14,14,14,14,14,14,14,14,14,14,14,14,14,14,14,14,14,14,14,14,14,14,14,14,14,14,14,14,14,14,14,14,14,14,14,14,14,14,14,14,14,14,14,14,14,14,14,14,14,14,14,14,14,14,14,14,14,14,14,14,14,14,14,14,14,14,14,14,14,14,14,14,14,14,14,14,14,14,14,14,14,14,14,14,14,14,14,14,13,13,13,13,13,13,13,13,13,13,13,13,13,13,13,13,13,13,13,13,13,13,13,13,13,13,13,13,13,13,13,13,13,13,13,13,13,13,13,13,13,13,13,13,13,13,13,13,13,13,13,13,13,13,13,13,13,13,13,13,13,13,13,13,13,13,13,13,13,13,13,13,13,13,13,13,13,13,13,13,13,13,13,13,13,13,13,13,13,13,13,13,13,13,13,13,13,13,13,13,13,13,13,13,13,13,13,13,13,13,13,13,13,13,13,13,13,13,12,12,12,12,12,12,12,12,12,12,12,12,12,12,12,12,12,12,12,12,12,12,12,12,12,12,12,12,12,12,12,12,12,12,12,12,12,12,12,12,12,12,12,12,12,12,12,12,12,12,12,12,12,12,12,12,12,12,12,12,12,12,12,12,12,12,12,12,12,12,12,12,12,12,12,12,12,12,12,12,12,12,12,12,12,12,12,12,12,12,12,12,12,12,12,12,12,12,11,11,11,11,11,11,11,11,11,11,11,11,11,11,11,11,11,11,11,11,11,11,11,11,11,11,11,11,11,11,11,11,11,11,11,11,11,11,11,11,11,11,11,11,11,11,11,11,11,11,11,11,11,11,11,11,11,11,11,11,11,11,11,11,11,11,11,11,11,11,11,11,11,11,11,11,11,11,11,11,11,11,11,11,11,11,10,10,10,10,10,10,10,10,10,10,10,10,10,10,10,10,10,10,10,10,10,10,10,10,10,10,10,10,10,10,10,10,10,10,10,10,10,10,10,10,10,10,10,10,10,10,10,10,10,10,10,10,10,10,10,10,10,10,10,10,10,10,10,10,10,10,10,10,10,10,10,10,10,10,10,10,10,10,10,10,10,10,10,10,10,10,10,10,10,10,10,10,10,10,10,10,10,10,10,10,10,10,10,10,10,10,10,10,10,9,9,9,9,9,9,9,9,9,9,9,9,9,9,9,9,9,9,9,9,9,9,9,9,9,9,9,9,9,9,9,9,9,9,9,9,9,9,9,9,9,9,9,9,9,9,9,9,9,9,9,9,9,9,9,9,9,9,9,9,9,9,9,9,9,9,9,9,9,9,9,9,9,9,9,9,9,9,9,9,9,9,9,9,9,9,9,9,9,9,9,9,9,9,9,9,9,9,9,8,8,8,8,8,8,8,8,8,8,8,8,8,8,8,8,8,8,8,8,8,8,8,8,8,8,8,8,8,8,8,8,8,8,8,8,8,8,8,8,8,8,8,8,8,8,8,8,8,8,8,8,8,8,8,8,8,8,8,8,8,8,8,8,8,8,8,8,8,8,8,8,8,8,8,8,8,8,8,8,8,8,8,8,8,8,8,8,8,8,8,8,8,8,8,8,8,8,8,8,7,7,7,7,7,7,7,7,7,7,7,7,7,7,7,7,7,7,7,7,7,7,7,7,7,7,7,7,7,7,7,7,7,7,7,7,7,7,7,7,7,7,7,7,7,7,7,7,7,7,7,7,7,7,7,7,7,7,7,7,7,7,7,7,7,7,7,7,7,7,7,7,7,7,7,7,7,7,7,7,7,7,7,7,7,7,7,7,7,7,7,7,7,7,6,6,6,6,6,6,6,6,6,6,6,6,6,6,6,6,6,6,6,6,6,6,6,6,6,6,6,6,6,6,6,6,6,6,6,6,6,6,6,6,6,6,6,6,6,6,6,6,6,6,6,6,6,6,6,6,6,6,6,6,6,6,6,6,6,6,6,6,6,6,6,6,6,6,6,6,6,6,6,6,6,6,6,6,6,6,6,6,6,6,6,6,5,5,5,5,5,5,5,5,5,5,5,5,5,5,5,5,5,5,5,5,5,5,5,5,5,5,5,5,5,5,5,5,5,5,5,5,5,5,5,5,5,5,5,5,5,5,5,5,5,5,5,5,5,5,5,5,5,5,5,5,5,5,5,5,5,5,5,5,5,5,5,5,5,5,5,5,5,5,5,5,5,5,5,5,5,5,5,5,5,5,4,4,4,4,4,4,4,4,4,4,4,4,4,4,4,4,4,4,4,4,4,4,4,4,4,4,4,4,4,4,4,4,4,4,4,4,4,4,4,4,4,4,4,4,4,4,4,4,4,4,4,4,4,4,4,4,4,4,4,4,4,4,4,4,4,4,4,4,4,4,4,4,4,4,4,4,4,4,4,4,4,4,4,4,4,4,4,4,4,4,4,4,4,4,4,4,3,3,3,3,3,3,3,3,3,3,3,3,3,3,3,3,3,3,3,3,3,3,3,3,3,3,3,3,3,3,3,3,3,3,3,3,3,3,3,3,3,3,3,3,3,3,3,3,3,3,3,3,3,3,3,3,3,3,3,3,3,3,3,3,3,3,3,3,3,3,3,3,3,3,3,3,3,3,3,3,3,3,3,3,3,3,3,3,3,3,3,3,3,3,3,3,3,3,3,3,3,3,3,3,3,2,2,2,2,2,2,2,2,2,2,2,2,2,2,2,2,2,2,2,2,2,2,2,2,2,2,2,2,2,2,2,2,2,2,2,2,2,2,2,2,2,2,2,2,2,2,2,2,2,2,2,2,2,2,2,2,2,2,2,2,2,2,2,2,2,2,2,2,2,2,2,2,2,2,2,2,2,2,2,2,2,2,2,2,2,2,2,2,2,2,2,1,1,1,1,1,1,1,1,1,1,1,1,1,1,1,1,1,1,1,1,1,1,1,1,1,1,1,1,1,1,1,1,1,1,1,1,1,1,1,1,1,1,1,1,1,1,1,1,1,1,1,1,1,1,1,1,1,1,1,1,1,1,1,1,1,1,1,1,1,1,1,1,1,1,1,1,1,1,1,1,1,1,1,1,1,1,1,1,1,1,1,1,1,1,1,1,1,1,1,1,1,1,1,1,1,1,1,1,1,1,1
Bubble Sort,3.880747500,seconds
Selection Sort,1.292646600,seconds
Insertion Sort,2.565158500,seconds
Merge Sort,0.016124100,seconds
Quick Sort,0.052556100,seconds
Heap Sort,0.017501200,seconds
Counting Sort,0.001464400,seconds
Radix Sort,0.005659900,seconds
Bucket Sort,0.229250500,seconds
Shell Sort,0.008530900,seconds
Cocktail Shaker Sort,3.992808100,seconds
Comb Sort,0.016027800,seconds
Timsort,0.000053700,seconds
44,2,17,15,19,42,87,14,92,50,62,87,41,36,6,4,45,60,18,86,2,79,90,47,28,75,56,7,9,30,38,71,56,49,5,24,27,61,94,39,56,60,10,53,82,8,12,14,47,73,7,29,19,22,21,41,4,57,44,54,35,39,73,33,23,57,59,95,20,98,71,55,96,84,99,97,80,15,81,5,21,67,2,22,62,17,75,81,90,32,35,81,36,67,84,80,88,48,63,18,27,71,31,99,30,100,26,52,70,22,95,33,64,46,100,30,70,75,85,30,53,62,1,64,72,36,62,66,32,34,34,26,49,93,75,19,9,32,30,95,81,35,47,66,14,17,67,53,44,22,70,96,33,33,44,5,39,34,31,64,81,100,66,100,9,39,53,39,59,23,50,66,85,7,70,20,23,57,79,24,62,2,94,65,59,49,3,100,69,94,1,66,47,93,70,8,59,63,17,51,81,28,89,60,13,97,97,62,15,16,60,78,50,100,31,54,5,38,39,29,96,91,60,14,14,12,46,20,86,54,51,36,57,46,23,10,49,95,48,54,43,2,45,49,85,1,22,49,88,52,72,30,58,6,73,41,62,51,31,18,18,68,28,97,26,74,87,33,84,38,39,72,43,94,94,90,85,8,91,40,89,19,57,52,55,38,50,8,61,89,65,1,70,52,11,51,11,56,60,100,21,14,90,92,43,44,88,15,43,84,46,87,88,30,87,73,91,6,21,75,10,72,75,13,7,17,100,39,77,56,26,44,51,63,35,75,49,57,100,33,50,7,37,97,97,2,20,8,4,53,52,78,46,10,70,86,62,41,6,52,47,61,95,6,66,22,70,65,51,65,25,70,95,69,93,22,75,9,22,53,40,35,67,36,41,78,43,75,34,29,39,56,66,4,66,39,45,45,62,12,16,50,77,56,5,42,90,51,45,56,20,4,8,20,92,7,19,42,39,35,40,12,10,15,60,16,9,69,95,52,45,63,14,66,74,66,87,99,63,78,66,69,61,92,27,43,49,30,3,99,11,13,87,41,33,8,17,13,73,85,44,76,16,16,26,36,90,99,38,25,38,48,86,45,50,11,97,48,15,36,15,76,54,65,35,27,16,4,65,63,57,31,56,55,84,38,95,7,65,40,67,86,95,61,37,64,46,49,17,62,51,18,49,77,20,46,13,46,65,98,85,71,71,38,31,49,33,77,69,36,54,95,64,98,57,8,32,14,28,77,68,20,4,51,54,97,89,22,53,24,98,59,47,92,99,68,44,43,90,92,26,13,87,92,96,82,88,31,17,47,83,17,76,8,89,71,24,12,66,95,48,46,23,70,39,5,37,56,98,43,33,96,71,95,72,45,97,26,42,38,24,59,44,90,99,81,98,78,48,70,4,81,69,5,44,83,9,82,75,42,47,5,34,29,86,3,98,2,100,28,96,75,87,20,59,31,96,78,83,61,74,37,21,6,74,68,6,47,52,92,95,72,30,97,18,95,99,36,10,3,92,74,12,24,1,52,16,14,37,53,45,12,76,97,25,28,18,22,51,61,90,20,83,4,82,52,89,90,60,96,35,30,61,88,68,16,87,20,28,21,85,7,70,56,41,55,54,46,29,7,11,9,63,37,93,34,42,42,18,39,70,83,56,89,98,32,73,38,4,40,75,81,65,88,2,38,23,94,91,58,41,2,49,36,27,70,65,31,97,62,3,2,71,84,73,49,60,75,43,61,25,71,98,54,72,3,5,43,82,49,27,30,23,18,16,96,21,86,14,45,31,18,5,45,86,15,7,85,10,48,77,69,78,26,36,17,23,1,83,17,64,4,15,12,22,82,62,3,50,12,17,28,45,54,83,38,70,31,67,13,28,19,16,32,72,43,43,53,91,15,76,24,19,17,19,44,52,66,30,5,62,67,8,15,11,52,15,48,76,92,39,1,12,13,87,6,89,19,33,64,21,44,57,22,58,14,19,87,15,47,45,86,70,52,52,87,98,74,1,3,58,35,71,40,11,54,3,27,56,88,78,84,93,41,29,75,23,94,97,12,100,80,70,19,92,58,10,40,17,1,25,32,30,63,23,35,17,69,44,74,35,76,87,89,74,8,70,39,64,7,74,81,63,87,6,88,91,23,12,21,84,52,64,43,69,97,94,49,81,67,90,100,93,56,66,3,23,82,77,33,82,68,7,22,80,11,76,91,58,59,85,48,12,90,4,62,3,45,3,39,5,53,98,39,21,66,2,9,78,46,67,54,32,8,55,33,97,78,88,20,64,45,21,48,46,58,21,3,57,81,1,40,17,45,58,99,2,54,42,15,27,12,80,6,4,43,11,96,96,40,16,95,23,18,95,80,5,59,24,46,20,38,45,68,25,98,34,15,77,62,6,70,95,15,20,36,39,57,7,35,22,32,38,83,83,64,29,75,13,35,14,76,47,31,14,2,19,31,84,34,21,7,70,62,23,68,80,97,44,23,93,65,17,14,24,36,21,57,66,5,50,91,85,83,32,30,56,95,82,47,73,44,25,81,41,77,69,76,63,71,11,33,23,61,38,77,6,93,50,56,95,90,93,8,14,12,12,40,57,77,54,78,38,44,45,63,45,49,32,40,97,22,11,18,49,49,4,68,80,1,15,30,17,58,88,86,93,32,92,69,77,67,38,4,6,40,83,32,83,17,34,61,5,92,64,22,80,15,61,66,14,3,38,23,81,39,50,44,50,46,97,8,96,100,50,62,5,38,70,19,20,77,55,88,11,23,15,1,68,76,44,19,36,16,17,83,90,13,52,6,13,49,100,36,78,14,34,76,87,14,14,49,26,88,16,73,80,91,11,72,76,41,48,30,50,28,85,18,73,39,92,22,66,10,28,49,80,63,48,26,84,39,10,30,6,28,77,15,90,73,59,6,86,67,89,29,85,81,13,23,98,88,27,27,68,85,43,92,8,94,89,71,97,17,53,17,90,70,14,9,70,12,81,70,18,52,88,50,44,60,38,9,81,42,57,12,80,71,36,13,80,28,23,37,4,51,74,81,91,21,51,18,28,32,83,67,48,83,100,53,33,36,33,99,58,49,3,20,43,64,1,77,31,79,89,31,8,60,27,33,60,50,76,26,34,24,94,20,45,49,68,30,93,49,98,5,77,29,18,74,92,48,44,41,60,65,16,87,1,2,50,21,16,16,42,61,39,15,1,30,7,10,72,37,8,2,12,16,86,18,47,38,80,76,76,23,16,66,56,71,20,79,89,35,89,89,93,11,85,37,8,45,62,29,95,17,89,38,49,44,78,6,99,53,1,8,82,57,35,82,31,100,36,81,84,50,14,99,80,4,26,40,19,40,20,50,22,14,23,49,55,19,1,25,32,86,91,12,33,4,38,13,85,12,67,9,49,58,16,67,96,6,59,62,31,7,100,22,1,69,40,37,83,73,4,99,67,90,6,28,38,12,15,89,24,41,100,66,93,67,96,39,46,33,19,57,5,70,89,55,15,9,40,42,73,89,69,24,26,91,58,74,62,18,50,24,75,32,13,46,90,17,41,72,41,6,15,16,14,54,29,70,32,45,7,44,72,61,18,15,76,83,84,34,6,26,28,73,8,87,55,37,27,79,98,24,82,97,50,100,48,2,66,36,74,77,9,81,9,11,60,16,52,19,25,69,37,1,70,33,74,61,71,94,5,75,67,86,41,84,38,10,81,81,70,99,54,80,60,37,94,43,73,24,6,10,65,64,42,65,48,10,30,55,61,68,97,24,25,51,92,67,85,90,1,76,40,61,71,83,21,21,93,52,39,60,24,19,9,61,25,93,16,75,94,25,77,51,4,27,96,100,26,2,99,90,75,3,28,49,10,55,39,19,5,47,91,88,18,22,82,46,22,63,68,24,64,48,4,100,84,34,78,49,96,48,72,10,85,13,81,75,25,90,29,52,16,93,53,15,36,39,20,25,47,26,72,2,30,1,66,53,61,25,97,43,83,23,37,47,83,4,83,90,13,28,82,11,83,52,62,33,35,18,89,100,15,100,42,66,32,94,22,31,11,85,49,64,17,37,99,9,84,100,84,74,95,52,69,47,87,75,73,67,65,58,84,75,15,57,76,62,46,41,96,39,91,41,43,72,70,53,27,48,74,42,56,84,21,77,3,61,27,96,96,13,27,90,100,74,92,49,97,37,15,20,94,41,84,3,25,92,41,83,71,22,37,11,70,25,35,14,81,23,68,8,38,24,89,61,100,90,42,52,96,35,93,15,32,89,17,17,33,50,8,46,60,73,32,79,70,44,96,67,38,52,29,78,94,56,77,57,95,54,53,51,71,28,17,92,25,84,91,28,28,75,60,68,13,76,86,44,31,57,21,60,91,62,48,69,98,55,94,74,58,55,74,92,56,84,4,30,99,66,20,22,54,69,4,41,17,16,22,3,60,78,17,64,67,61,3,38,52,27,42,2,13,87,63,54,33,98,22,55,40,92,13,54,30,60,47,36,37,99,10,83,55,69,36,36,50,40,49,73,33,33,62,98,7,41,42,27,90,98,75,49,11,58,1,82,68,29,7,38,68,70,44,89,12,43,78,61,99,46,3,78,86,82,53,2,69,49,96,51,51,85,26,46,77,99,4,40,24,63,82,81,48,99,57,61,27,81,99,93,84,90,30,33,10,67,39,41,65,64,31,36,6,80,12,56,67,78,11,97,75,4,34,38,81,36,73,97,77,81,58,87,98,30,33,77,36,21,74,58,44,30,48,32,8,21,40,96,52,72,12,17,99,61,68,52,98,76,25,99,44,75,44,50,39,37,12,32,89,83,80,85,34,95,16,73,88,30,29,46,16,7,41,56,59,53,42,2,59,7,77,87,100,96,70,70,60,67,1,51,80,66,69,78,19,35,52,37,39,2,67,93,74,92,80,8,31,92,1,78,85,65,52,77,17,68,100,64,51,45,24,21,5,17,22,39,99,12,25,11,71,26,63,24,83,53,79,38,85,94,18,9,57,46,2,42,58,35,75,40,32,20,52,53,75,27,71,37,3,34,9,7,18,6,71,94,4,35,43,81,1,76,26,61,46,69,25,41,13,20,31,60,87,23,29,17,66,52,31,11,44,19,90,70,51,67,83,35,66,78,81,68,37,54,50,76,76,60,61,30,76,68,15,81,66,1,49,74,7,27,23,64,80,49,81,42,74,42,99,93,62,82,23,54,68,69,88,89,3,44,28,60,21,82,25,84,88,23,88,100,69,63,85,44,2,1,98,66,94,61,98,65,65,37,69,5,52,43,9,92,12,89,64,92,27,66,12,95,44,21,47,34,54,4,30,68,44,89,68,20,53,76,63,88,44,77,80,62,18,77,99,18,40,10,99,21,15,62,71,15,94,87,71,98,16,93,46,68,9,1,16,76,95,22,3,35,34,29,96,30,79,99,75,74,97,71,97,99,37,100,12,56,10,17,25,32,77,96,50,4,98,25,44,25,67,24,5,99,100,9,80,61,80,34,58,59,10,100,53,78,85,68,57,21,18,16,87,20,98,33,98,10,92,11,96,95,30,86,68,100,21,65,50,10,95,88,50,81,25,10,26,79,3,53,8,63,13,3,46,45,83,88,44,86,73,61,30,47,99,32,77,28,15,61,54,95,74,3,53,24,70,20,51,77,64,8,45,98,8,19,61,31,75,59,80,8,82,12,5,30,76,45,16,20,13,44,69,4,18,80,4,54,36,70,28,57,37,97,6,80,91,66,47,59,65,97,75,1,52,59,47,58,22,37,81,57,11,94,10,32,91,88,23,47,6,45,30,84,8,83,73,73,100,66,3,97,4,10,11,19,26,46,80,85,100,14,33,54,59,50,92,55,28,65,92,78,33,33,63,63,54,61,83,50,38,17,94,2,52,17,17,72,66,89,30,75,55,91,6,19,81,99,55,58,41,36,33,14,48,98,30,72,3,85,14,31,28,100,88,41,76,59,36,56,36,56,55,3,78,39,86,64,44,46,10,27,34,17,49,46,24,62,53,98,38,48,30,7,62,60,68,28,62,29,59,41,96,1,64,47,73,72,49,67,72,34,48,60,3,24,94,59,7,59,72,77,17,10,49,31,4,18,91,49,25,80,75,22,70,81,67,95,13,68,62,18,70,29,30,24,21,72,44,14,87,5,88,72,88,42,29,83,67,40,71,38,96,42,56,6,56,41,88,29,74,16,64,49,51,87,65,88,54,27,15,40,40,34,36,100,65,87,38,59,41,75,76,96,35,10,30,51,13,52,95,90,100,32,50,15,23,6,59,23,10,15,82,97,35,94,49,24,43,56,78,65,85,7,24,61,20,79,18,55,16,43,21,93,71,88,30,85,83,8,6,42,21,27,75,70,59,9,91,90,59,94,49,49,48,5,74,70,25,46,59,66,33,3,84,2,35,22,90,78,10,83,34,58,69,65,79,30,59,70,54,63,7,75,23,90,21,6,47,66,20,45,71,28,48,39,24,4,16,9,84,14,21,62,39,69,67,47,6,67,44,85,98,82,13,64,96,59,91,48,36,54,54,100,55,78,76,83,66,46,49,32,31,18,57,51,1,20,82,7,25,23,95,72,34,22,25,14,12,32,29,47,47,91,34,3,77,49,57,52,47,18,63,28,32,7,6,25,29,64,75,17,66,25,23,6,31,73,73,88,42,22,76,23,24,47,24,8,50,90,45,90,29,96,3,25,33,61,82,8,7,79,21,44,90,82,6,86,89,70,53,23,86,1,56,95,96,98,20,67,24,12,63,7,95,10,71,85,4,89,95,100,2,96,3,16,76,85,24,25,80,2,61,94,55,21,33,33,16,24,40,24,14,96,35,2,85,50,64,19,22,89,25,1,61,62,84,67,62,76,21,54,11,46,83,12,25,29,72,30,18,81,16,98,92,50,7,5,35,39,17,41,11,92,53,67,37,12,30,31,87,72,82,89,58,85,31,68,80,70,4,71,18,69,66,92,28,85,89,32,68,56,77,84,39,5,99,27,16,44,24,42,74,42,94,18,48,30,78,8,31,37,83,99,90,68,44,86,53,22,60,21,34,36,48,100,75,69,88,70,23,69,39,25,46,43,59,25,93,76,92,80,47,88,28,78,29,32,58,29,68,8,96,22,37,82,18,100,66,47,93,80,100,44,13,96,54,22,94,18,69,32,5,19,30,62,63,14,56,11,30,27,26,80,33,21,48,31,71,33,63,35,52,95,2,86,33,59,37,71,53,52,33,82,50,28,42,17,20,4,64,44,64,50,86,93,29,69,76,93,27,94,2,13,51,72,16,17,36,66,48,64,87,32,31,56,64,38,57,67,65,58,22,15,88,11,83,42,39,74,15,74,64,6,90,94,24,56,87,34,16,20,44,14,92,31,60,11,60,66,18,91,87,60,72,40,14,98,75,31,34,86,88,76,87,96,6,29,84,8,63,71,96,87,89,43,69,58,10,74,34,95,28,9,74,17,52,4,77,2,43,51,39,53,80,26,22,47,53,35,60,70,52,18,66,32,7,47,9,74,18,93,41,57,78,20,4,13,35,76,56,22,89,68,44,88,65,79,82,95,96,18,56,44,7,87,6,84,16,7,97,88,37,46,41,48,67,68,49,42,58,8,78,99,65,59,14,35,95,41,24,74,12,29,82,19,7,73,88,70,83,96,57,11,60,38,58,69,8,53,18,41,80,53,54,87,83,52,85,59,96,14,92,100,54,39,57,6,98,39,77,86,86,15,73,21,44,6,83,62,13,12,98,50,34,10,33,32,14,91,71,24,44,51,13,64,65,15,89,91,44,57,5,62,64,74,84,69,7,15,7,99,77,56,6,14,79,17,73,8,28,53,59,32,55,47,25,9,78,95,27,57,37,33,23,30,22,33,99,31,63,70,58,71,18,90,36,50,92,38,17,32,43,54,25,50,4,55,45,81,42,10,68,52,56,87,76,50,10,8,22,21,65,97,22,14,14,77,99,73,15,69,37,27,73,31,88,94,75,72,33,50,92,61,73,91,63,64,31,4,7,67,47,14,100,91,42,70,85,41,3,72,47,36,16,39,98,82,6,18,73,37,23,88,74,62,54,39,39,99,5,80,63,45,37,95,26,60,37,56,8,78,36,11,45,74,10,68,37,24,32,99,80,26,47,98,28,33,84,56,96,47,60,45,35,38,45,44,5,81,30,71,5,38,28,63,97,22,54,22,45,60,76,10,4,54,28,4,94,32,31,76,26,81,30,64,100,80,95,66,93,85,91,74,95,59,91,56,93,63,84,54,55,46,97,33,62,69,18,33,18,25,41,43,42,30,27,66,52,37,71,98,17,59,69,90,99,81,21,4,23,22,37,11,73,96,76,56,64,9,20,32,6,15,51,8,57,54,95,98,78,12,58,47,34,2,48,69,89,79,60,46,67,30,3,78,75,59,22,23,59,47,39,53,66,97,39,39,9,54,24,27,39,29,43,11,68,32,78,51,58,71,43,47,31,83,69,91,94,16,60,50,75,82,8,33,19,41,5,24,16,37,76,69,56,59,28,51,25,92,88,21,3,63,45,48,84,41,73,88,44,18,65,46,36,37,4,22,8,66,52,62,78,59,13,89,22,3,98,9,39,76,53,14,90,98,50,73,43,57,34,82,55,65,63,54,32,58,77,99,87,9,97,57,11,67,25,15,93,22,96,48,100,44,62,43,87,72,45,43,26,38,8,51,67,67,48,77,82,58,77,74,44,50,51,74,67,50,79,68,25,60,41,41,74,60,75,18,61,40,61,91,64,82,44,92,22,12,97,27,74,42,45,12,66,79,34,53,94,54,48,75,89,80,17,8,58,67,62,76,92,33,11,68,57,20,24,35,28,61,76,46,22,38,30,96,61,71,71,62,3,33,44,77,62,17,74,58,58,11,20,23,70,39,40,95,46,79,62,62,80,63,98,21,58,92,98,40,64,14,30,76,96,37,20,98,14,81,55,88,13,63,47,9,73,40,72,16,67,74,63,10,21,76,59,2,59,51,16,15,6,43,29,91,86,36,64,14,9,9,51,74,53,1,31,30,9,83,26,31,63,47,6,16,65,37,95,75,80,8,46,59,3,34,91,92,59,56,20,34,84,76,45,10,87,53,65,25,53,28,35,6,21,17,74,22,17,96,49,48,47,13,68,73,29,63,8,16,26,54,98,90,65,83,37,52,65,12,49,92,42,55,99,10,61,91,4,7,96,9,94,68,49,20,63,94,67,67,5,3,93,17,17,27,27,44,27,96,94,56,93,13,36,23,81,20,17,35,78,23,27,99,9,94,75,21,41,19,97,28,3,21,17,51,42,52,45,22,55,57,24,70,11,82,36,55,61,44,64,33,14,10,38,32,19,45,49,19,49,50,70,55,83,63,58,73,29,64,35,75,56,31,87,77,36,30,14,26,90,74,50,61,73,96,78,42,10,96,4,29,74,57,73,54,67,96,61,29,46,20,44,73,20,44,69,89,16,2,25,25,73,47,16,17,42,79,63,12,73,76,1,43,86,76,60,78,42,11,56,86,70,93,2,34,51,72,98,91,93,50,68,7,28,16,95,96,72,88,45,80,57,3,82,52,6,43,32,22,41,73,98,56,68,80,51,10,69,8,13,90,12,90,58,26,94,52,85,45,77,78,42,35,53,43,40,50,43,63,77,13,39,43,70,38,35,76,58,55,82,18,50,43,32,28,50,18,89,25,77,34,96,13,40,54,79,23,81,20,29,60,70,7,53,84,24,39,2,12,43,84,35,36,13,4,5,48,13,22,2,11,24,1,52,14,81,97,31,85,23,56,37,46,47,52,5,70,53,63,27,13,21,4,22,72,28,13,35,47,43,48,17,49,90,83,92,24,34,23,79,28,22,45,41,33,7,10,96,39,73,58,54,50,14,27,84,69,41,74,14,42,10,82,3,79,28,14,55,45,13,57,83,73,46,51,48,53,55,85,35,82,13,10,95,94,62,57,39,21,89,44,26,13,78,2,63,1,42,91,56,79,58,87,83,99,27,48,90,13,2,34,33,25,80,83,88,63,42,3,55,57,1,37,85,38,57,92,86,1,67,50,11,30,1,100,28,61,37,3,79,32,48,55,47,78,38,75,25,97,58,55,81,64,52,49,77,80,97,90,49,33,61,68,72,81,26,61,75,47,4,3,83,7,22,46,48,71,47,40,79,56,78,32,38,66,65,26,30,92,68,30,81,68,100,43,22,83,27,49,61,89,77,67,55,92,19,99,20,5,50,10,72,62,78,96,10,79,49,10,99,85,98,73,77,32,60,35,20,40,26,34,14,26,4,53,79,69,20,75,64,56,36,72,44,86,100,49,53,20,34,72,3,64,12,82,46,15,70,36,43,20,69,7,31,62,44,97,60,71,32,11,52,5,44,75,29,17,86,88,86,100,99,29,86,81,1,29,94,24,4,2,57,100,9,92,49,14,11,81,90,69,77,23,63,78,5,23,75,78,14,90,17,36,24,33,31,9,19,70,82,60,43,79,87,42,72,78,62,19,19,4,25,71,96,44,40,31,3,34,44,20,47,36,1,55,14,66,9,92,55,96,1,52,2,59,92,70,56,18,22,53,13,1,24,20,77,93,69,86,77,90,14,93,18,57,74,13,25,40,62,99,25,31,31,14,20,68,38,39,89,81,13,20,92,52,91,12,10,43,11,13,7,46,74,85,8,14,14,1,32,58,18,90,9,44,89,62,69,57,93,11,12,48,91,42,38,50,77,4,21,10,16,1,56,78,10,79,58,49,52,69,9,93,36,27,41,74,36,78,41,99,25,15,10,83,25,72,91,64,4,45,16,29,8,27,34,41,22,98,90,39,39,12,31,79,17,71,23,58,7,99,62,83,8,19,5,23,23,24,46,62,35,63,60,88,1,79,93,10,10,43,31,19,26,2,98,95,11,50,49,80,71,62,82,23,9,22,95,47,80,70,78,68,1,13,87,18,31,88,51,54,72,17,57,24,92,89,64,37,95,34,92,22,78,30,24,14,33,74,32,62,20,12,62,65,44,69,98,82,38,95,31,6,30,40,74,100,41,39,20,82,64,5,1,95,72,100,6,7,35,44,62,79,6,26,3,75,64,88,9,67,38,57,15,80,96,66,14,72,62,52,99,86,38,28,37,48,96,51,58,61,38,65,25,95,99,28,65,57,67,90,52,96,4,7,28,32,56,76,33,7,29,92,89,44,6,66,78,99,93,57,92,91,77,83,65,25,33,39,1,96,5,97,88,66,50,16,45,38,1,40,37,14,67,94,24,13,42,46,1,57,33,71,35,87,82,55,27,100,37,8,52,76,21,64,78,43,36,57,16,89,20,97,17,82,89,47,41,58,32,15,35,19,5,46,35,39,14,22,22,33,68,18,19,24,92,76,81,40,73,8,59,91,74,18,10,38,5,15,50,13,51,60,29,99,40,75,17,36,68,51,96,8,55,42,85,89,1,42,72,39,74,43,47,85,71,64,58,17,2,5,22,12,40,87,78,23,13,25,30,3,100,2,84,3,12,13,41,37,80,48,43,31,23,31,13,84,53,28,64,7,2,5,98,67,87,15,76,33,37,72,59,25,1,9,75,96,27,58,84,82,50,87,14,44,82,88,44,52,43,58,45,44,75,96,71,65,29,63,80,82,33,37,59,82,67,85,88,100,75,4,16,98,34,19,22,36,64,54,22,100,72,20,46,27,42,99,69,38,18,50,67,50,54,52,50,91,57,61,72,33,58,3,54,93,55,2,41,49,84,27,62,70,28,82,41,76,70,30,29,62,98,9,23,44,30,94,35,16,55,80,100,40,53,79,36,89,25,22,27,5,66,69,89,13,9,71,24,92,45,29,59,29,57,5,7,6,46,58,60,64,39,49,19,54,49,92,26,33,2,73,55,56,45,96,20,20,41,68,6,23,16,18,69,80,56,63,67,61,21,38,43,71,42,87,14,80,19,25,48,27,27,51,68,40,90,24,100,45,25,74,100,39,95,44,82,43,19,33,13,71,88,93,65,83,70,80,55,54,64,57,17,88,5,15,43,84,70,35,1,50,88,24,91,16,52,64,17,22,40,62,39,76,40,98,12,82,5,11,61,74,77,19,64,91,45,83,1,13,31,41,51,52,22,74,55,52,64,23,94,5,46,18,35,65,36,92,9,80,23,48,17,8,90,25,32,73,96,48,5,55,2,86,97,65,93,97,98,10,12,72,61,62,27,68,17,73,53,92,4,14,60,30,21,57,65,10,58,68,2,84,20,59,92,29,8,22,19,87,85,51,8,11,51,80,84,66,57,61,33,32,39,75,68,14,9,25,70,86,66,78,63,71,82,75,38,12,52,46,35,77,46,44,38,32,13,12,93,16,19,35,26,81,89,35,6,68,75,87,49,52,30,3,40,32,5,71,27,83,20,54,54,55,84,41,69,39,46,89,69,65,79,54,87,80,96,66,37,82,56,39,54,12,77,65,84,33,33,96,90,4,27,28,78,5,81,10,92,96,38,87,88,70,98,52,24,6,67,47,31,86,35,84,96,34,34,95,73,68,21,15,69,84,51,33,85,39,92,25,26,31,83,43,19,3,34,36,54,56,64,50,65,7,79,23,63,9,59,24,88,46,80,38,78,17,1,1,95,10,65,71,1,25,74,97,1,80,47,13,87,13,37,70,21,6,34,20,77,1,41,31,95,10,81,68,100,17,77,80,21,100,17,58,91,29,85,27,22,93,63,31,94,64,24,10,96,12,19,61,58,59,52,66,43,52,69,78,100,54,18,91,73,18,11,52,18,61,96,69,73,68,14,41,11,95,41,97,23,59,23,38,88,35,84,14,51,59,66,28,26,99,83,38,3,56,33,26,8,73,91,54,78,67,97,46,43,75,31,53,49,50,67,86,80,15,61,54,17,47,40,49,14,87,96,89,99,23,12,93,68,58,71,38,80,46,2,97,9,61,20,23,75,5,50,62,100,55,59,81,11,54,5,84,58,66,83,79,3,50,98,55,94,37,1,76,37,63,81,79,11,53,99,96,25,35,34,33,44,100,87,1,46,1,34,96,100,54,58,67,52,97,15,7,5,77,74,15,35,14,45,82,92,17,55,56,62,86,85,18,9,6,94,20,12,42,62,49,100,55,73,94,51,42,8,52,21,37,84,62,80,48,93,85,67,51,94,82,39,17,93,47,14,95,40,81,21,34,7,8,88,82,6,74,73,3,69,78,49,35,26,82,90,26,35,86,77,14,85,29,14,21,79,48,55,62,37,31,83,12,33,45,95,72,68,27,52,66,69,19,58,25,3,71,44,47,55,55,65,95,27,20,86,73,67,95,45,76,36,66,57,39,62,41,73,28,28,57,48,38,39,77,51,78,20,100,95,92,3,83,90,83,51,9,71,78,13,21,13,85,18,42,79,77,42,60,42,7,33,13,62,60,77,21,19,3,36,17,14,44,10,76,14,23,31,98,54,71,57,74,77,79,90,61,40,17,90,52,93,52,63,55,38,40,13,93,2,47,36,56,18,48,27,36,94,14,71,47,76,16,58,87,97,69,63,99,52,66,86,3,27,19,16,34,19,63,39,82,79,78,20,32,57,69,37,83,54,25,96,21,19,67,98,72,87,86,96,24,61,63,81,88,71,74,71,19,47,99,30,88,8,34,26,52,41,59,91,65,19,54,43,18,97,61,90,4,93,33,36,4,78,26,44,9,95,57,12,97,28,33,80,100,10,19,20,27,55,82,31,95,10,45,65,100,66,73,8,17,8,29,47,76,96,41,29,12,64,85,90,94,72,62,46,27,94,8,89,31,40,95,41,71,61,6,41,86,67,24,30,64,88,78,6,90,13,23,90,68,51,98,93,21,8,76,12,52,35,53,92,63,32,87,75,19,37,58,17,91,100,65,98,55,41,73,25,84,55,79,93,73,85,35,87,33,75,67,50,95,84,51,76,41,42,55,9,23,76,46,36,74,52,55,8,73,42,57,72,34,41,16,46,47,34,78,44,61,61,95,5,55,65,26,65,63,40,44,42,30,47,29,17,56,68,88,84,15,24,63,3,80,72,58,60,59,3,77,3,1,96,32,19,34,14,37,96,69,31,60,96,47,37,68,10,18,1,3,13,82,95,44,38,38,50,60,6,64,26,89,41,72,69,11,27,67,73,76,31,65,75,68,30,78,7,23,78,79,8,54,94,29,18,36,66,99,92,15,70,23,39,31,95,26,44,65,41,82,18,5,32,93,80,34,12,97,46,63,31,54,38,25,36,8,18,89,81,13,36,65,74,58,23,74,53,91,35,32,42,23,21,87,53,69,38,57,70,52,40,94,36,89,93,3,43,42,63,56,60,61,97,74,3,74,55,27,57,78,14,2,85,67,26,21,1,30,60,49,3,29,85,46,3,40,94,63,2,9,18,81,28,60,71,8,98,25,18,97,9,74,49,49,100,54,82,64,16,97,4,66,79,54,17,88,3,59,98,65,4,43,9,73,62,33,31,10,54,56,31,54,72,74,60,53,29,100,49,15,9,59,38,1,1,30,45,55,9,43,38,1,58,37,75,37,71,60,65,52,63,19,81,34,13,80,65,37,18,72,30,75,9,27,48,98,36,95,68,60,22,59,12,81,16,7,20,97,80,26,19,13,55,98,13,74,62,53,72,65,51,6,50,17,22,63,100,81,73,83,78,85,30,14,19,44,94,47,86,1,22,48,63,64,28,84,52,34,54,86,1,96,79,92,55,5,69,13,32,28,90,66,59,13,63,5,21,22,54,26,68,24,68,18,97,22,49,44,16,46,55,78,96,87,15,77,55,64,32,26,43,16,35,34,85,3,95,90,78,93,69,45,100,65,56,26,11,37,27,8,33,60,12,100,84,17,5,44,99,41,12,16,92,21,8,72,86,83,37,83,64,52,26,52,51,32,51,1,50,78,98,82,10,94,85,7,42,53,39,39,58,25,24,14,92,50,38,35,39,8,61,27,75,27,17,83,37,6,22,37,17,37,39,91,92,91,46,34,94,85,47,80,84,42,14,90,56,34,8,35,17,57,31,40,52,74,64,72,34,74,17,39,66,33,52,27,14,98,46,16,35,47,5,34,85,53,18,89,76,41,24,54,65,85,77,17,15,24,45,49,60,67,53,21,24,91,33,4,58,58,63,18,99,53,29,48,1,66,1,84,91,3,27,63,50,62,14,36,71,41,31,37,96,75,93,47,58,59,55,85,28,100,13,96,34,100,37,87,59,44,100,48,50,82,5,95,13,46,18,55,83,97,49,72,64,37,53,91,46,18,1,11,100,99,72,7,93,44,7,87,35,11,25,67,50,38,55,57,28,100,61,8,63,64,69,9,36,24,76,96,49,38,47,81,3,76,55,69,29,16,58,38,65,48,15,1,63,67,89,22,23,9,53,25,98,13,99,23,26,92,12,43,64,91,57,13,50,99,62,71,67,93,98,59,37,33,34,69,92,10,9,97,43,67,70,34,9,24,82,12,46,51,8,7,90,17,50,16,39,57,17,41,96,81,29,9,34,85,9,11,19,2,49,7,75,15,68,83,10,21,82,52,84,47,46,99,70,75,76,91,29,69,40,47,58,14,5,68,88,47,100,88,20,33,95,7,90,24,29,50,37,46,21,44,91,89,98,73,34,51,99,40,27,10,52,65,76,65,27,35,80,28,21,68,53,30,61,59,78,19,38,3,3,24,78,50,24,55,42,32,23,71,49,34,10,72,3,83,96,83,73,14,45,21,61,50,78,89,88,93,25,72,86,46,19,38,93,56,77,42,49,36,69,56,13,70,25,44,99,56,49,12,16,76,74,29,63,28,41,46,25,82,19,54,66,14,94,22,24,61,21,23,74,21,78,52,16,80,26,48,5,86,49,28,28,34,63,81,52,30,50,1,20,29,18,46,7,78,12,55,47,91,92,93,4,95,67,50,93,59,90,11,52,87,53,84,93,25,15,58,33,61,14,57,90,38,15,93,50,18,40,9,89,88,92,71,22,89,81,20,17,20,46,68,52,17,14,33,100,97,93,71,24,44,61,63,62,19,54,87,83,92,86,20,39,9,10,66,62,11,79,96,4,81,95,75,90,89,32,53,13,55,60,6,2,40,24,31,47,71,45,70,90,7,49,24,13,12,52,17,27,70,45,71,22,9,43,37,82,20,57,35,72,62,36,2,53,2,39,1,20,80,84,69,15,75,35,100,70,69,11,13,67,9,90,77,83,70,56,1,81,57,30,76,15,18,84,78,87,80,64,81,87,32,81,2,40,91,35,44,31,74,100,97,34,99,34,11,68,47,31,9,60,94,54,58,77,50,93,10,74,15,5,68,71,14,6,32,25,70,6,11,9,11,54,97,16,10,18,75,84,50,44,54,43,3,72,8,3,7,78,85,10,25,67,91,95,54,36,1,25,99,4,47,62,29,40,16,90,11,54,84,81,10,25,28,82,64,46,91,38,1,80,3,89,86,33,9,46,70,61,79,81,47,18,13,25,53,84,41,29,29,22,9,19,3,83,4,1,4,67,67,3,42,77,95,6,6,96,22,18,27,75,95,52,40,69,71,79,22,53,8,13,72,49,49,86,7,53,27,36,21,6,2,80,57,33,49,84,43,10,15,81,66,41,73,15,70,13,47,67,83,7,34,12,4,33,2,42,81,29,88,47,56,69,25,16,61,14,94,76,83,95,66,97,3,31,81,96,29,12,7,95,62,92,62,1,52,17,51,62,62,34,85,60,28,4,11,70,87,98,30,19,32,38,90,57,44,44,31,2,77,14,86,79,88,7,78,80,71,23,62,72,2,95,36,19,79,68,41,37,59,77,57,100,27,22,4,96,74,48,90,5,54,81,24,92,53,41,72,6,72,23,69,10,6,46,52,57,48,38,51,4,5,60,25,72,5,66,88,59,45,98,91,95,1,62,14,81,60,50,77,42,11,33,40,30,3,68,36,9,32,10,62,66,5,94,99,38,8,31,21,39,59,76,9,95,99,39,37,45,29,52,24,33,7,84,52,19,24,9,2,36,81,7,99,22,3,98,49,30,99,89,6,33,95,58,62,61,56,59,97,46,100,5,57,69,28,37,21,82,76,82,51,88,69,67,52,7,15,44,14,13,29,90,11,89,59,57,25,40,68,99,30,44,44,32,53,28,70,11,16,8,16,31,32,98,10,34,42,86,30,4,25,27,87,89,4,95,32,24,70,27,35,36,21,30,21,90,92,49,84,15,26,61,10,32,22,44,33,53,70,43,68,5,18,10,33,71,14,95,28,68,34,4,55,92,86,64,90,73,72,5,15,84,25,82,56,17,13,24,56,1,26,65,56,13,61,70,33,14,19,43,70,28,91,70,47,98,93,4,18,36,99,42,87,54,47,26,98,84,20,84,38,70,52,51,69,87,83,98,53,11,54,95,1,19,21,77,38,31,76,2,76,95,45,62,35,78,99,21,69,78,14,40,1,77,43,16,7,74,24,1,52,42,57,56,49,71,16,13,26,30,24,53,94,41,2,21,99,48,95,2,64,81,28,3,61,35,71,65,55,75,78,20,25,34,81,69,98,100,38,7,72,13,49,61,58,91,37,93,5,99,95,79,60,66,27,35,23,69,85,16,7,71,96,72,6,81,14,86,31,15,82,71,25,88,46,85,66,96,55,98,47,100,64,31,55,2,21,22,17,10,68,62,37,9,95,24,52,6,53,85,86,26,87,79,16,19,86,58,20,25,66,85,32,9,58,36,48,9,68,16,24,70,77,20,97,85,7,100,77,44,81,94,19,48,97,34,44,46,93,18,21,27,59,68,26,68,71,63,16,90,69,29,47,96,89,100,8,8,94,65,26,41,12,75,35,82,92,74,78,97,51,15,88,2,6,24,72,76,98,5,97,50,76,18,4,91,47,9,88,7,22,39,52,9,41,21,47,48,62,31,21,89,49,79,84,89,75,54,24,95,25,38,3,57,16,24,61,100,62,76,34,55,76,71,24,71,90,33,27,11,5,91,19,58,16,24,44,13,44,54,82,27,84,27,78,60,51,31,57,5,28,61,51,10,29,48,93,97,68,48,40,99,30,89,7,91,44,24,10,55,57,47,94,16,99,88,91,6,90,20,72,85,63,20,78,92,36,4,74,85,46,60,95,69,85,12,71,88,13,44,22,100,58,61,71,72,45,25,17,8,51,51,38,76,94,66,57,63,18,46,18,8,94,71,59,35,1,6,28,20,21,48,96,11,50,24,84,61,56,29,32,62,76,86,81,82,72,59,24,65,78,12,38,1,42,6,91,97,96,69,65,76,30,92,85,50,34,58,9,15,84,13,28,40,99,79,59,93,96,21,96,62,66,98,100,14,40,46,49,2,23,88,76,100,95,51,82,63,21,72,57,57,36,3,61,24,2,66,76,16,80,14,91,75,83,12,90,88,17,52,31,99,62,8,52,93,46,21,7,1,50,79,53,85,59,48,99,66,79,100,6,93,85,34,25,94,48,90,51,16,11,89,87,55,60,17,24,27,73,25,50,45,38,82,86,55,94,30,21,71,83,6,26,100,20,5,46,26,15,15,23,64,77,39,97,38,87,2,97,67,15,22,34,29,63,96,76,96,52,24,40,14,100,81,79,1,86,62,85,85,54,8,23,20,74,43,21,46,86,66,35,36,53,29,35,22,35,80,76,22,43,13,78,60,17,82,84,59,94,52,17,12,75,84,22,19,67,78,99,35,21,27,53,71,90,33,80,10,81,78,82,28,67,38,40,99,34,65,7,31,87,48,4,70,49,66,96,79,96,77,94,72,83,59,41,84,51,15,64,39,40,75,83,46,78,99,67,15,58,33,43,77,81,50,40,55,10,68,33,59,90,28,30,34,84,29,14,18,90,45,40,45,78,30,55,67,78,67,82,34,24,70,56,43,76,76,40,57,64,82,45,45,62,71,76,22,17,74,94,1,37,2,96,57,3,88,77,29,59,97,80,39,84,39,4,86,45,69,25,72,62,93,18,65,33,63,78,85,74,83,33,87,80,41,71,92,56,23,11,75,93,23,71,46,93,96,13,34,12,88,74,4,50,41,62,31,76,94,12,91,12,76,46,28,95,15,31,34,16,45,70,21,88,68,95,45,15,100,53,58,19,56,79,82,47,76,20,24,31,3,89,16,10,27,39,87,78,46,76,93,91,98,77,15,11,14,54,32,22,50,3,4,16,67,48,54,54,8,46,44,42,14,99,53,68,70,39,1,51,66,16,30,78,91,93,36,47,48,96,86,72,44,82,7,18,69,88,7,38,72,15,71,70,21,69,1,47,54,37,52,59,6,9,10,77,68,14,8,70,34,39,21,97,34,40,19,27,87,70,13,20,15,49,52,41,35,38,4,39,63,91,3,69,82,96,7,59,98,68,42,79,75,31,75,62,15,13,12,83,33,65,27,27,16,75,21,46,8,76,88,4,63,44,36,35,2,9,30,51,32,53,75,5,64,54,72,25,76,68,24,16,17,58,100,51,4,83,40,62,93,59,50,77,96,42,29,84,27,43,16,28,66,10,12,27,39,1,38,74,18,61,84,6,44,73,4,74,51,94,12,68,55,70,31,92,2,46,100,80,41,97,21,94,68,29,38,88,30,80,8,75,43,93,87,98,48,48,48,30,28,40,49,19,35,21,99,98,84,2,4,97,98,17,85,72,19,81,43,74,39,82,91,47,61,79,81,1,29,86,36,53,39,94,2,49,57,21,35,53,57,5,60,86,89,88,85,87,33,94,99,44,99,38,10,47,50,23,34,82,59,39,16,48,82,44,90,28,65,78,13,75,7,89,26,64,53,18,11,10,9,60,72,45,51,59,23,35,93,60,60,60,71,60,2,7,84,36,10,39,35,8,76,70,75,14,79,80,51,82,96,100,53,83,58,15,36,61,18,74,3,2,58,10,44,43,1,20,12,96,67,1,60,92,92,76,16,60,74,89,36,75,13,91,24,95,74,41,86,5,85,98,66,51,63,39,42,47,5,35,9,30,93,70,75,61,76,72,43,14,26,91,82,8,70,24,18,87,47,16,55,52,13,63,53,55,34,59,61,5,58,39,75,20,69,54,79,24,44,7,90,46,4,97,100,11,4,100,83,65,46,16,90,18,9,39,97,99,87,19,46,3,50,84,57,80,24,9,2,92,36,19,12,88,79,52,38,26,15,78,85,43,92,64,13,74,68,71,74,77,74,32,41,73,24,39,4,51,18,14,1,86,100,83,66,93,99,95,20,15,27,76,82,8,32,26,61,81,56,74,20,21,67,83,90,46,23,75,35,92,11,71,92,25,82,14,53,100,52,93,32,39,61,63,48,41,59,81,62,13,77,67,7,67,90,3,12,82,52,61,11,91,41,67,51,43,15,31,99,47,55,71,53,27,44,48,93,72,97,77,61,31,52,56,72,37,30,24,17,50,36,28,50,48,51,40,21,55,88,39,39,10,3,84,39,62,50,71,80,74,1,94,96,92,74,70,89,70,11,52,38,65,65,37,80,93,86,10,46,97,66,17,48,30,58,78,23,64,93,67,48,46,52,93,3,1,39,38,3,70,88,64,24,62,60,61,67,21,53,45,78,83,98,65,96,82,55,45,96,72,73,89,100,14,65,58,29,27,14,23,69,3,65,81,49,34,55,28,38,57,50,53,82,27,35,66,72,13,37,72,88,22,50,69,71,15,23,72,76,51,44,30,18,30,61,31,37,27,69,95,4,25,35,63,61,65,79,83,79,53,66,50,78,60,20,50,47,21,34,3,26,94,68,77,8,9,15,46,39,81,92,40,82,49,80,67,4,6,22,51,50,95,89,18,20,4,87,46,71,63,58,89,26,86,59,55,84,9,40,74,83,83,49,45,38,58,13,2,25,2,42,35,40,13,84,82,82,78,55,57,48,17,77,30,94,17,93,68,97,22,99,11,7,99,37,80,71,37,48,1,57,42,45,12,97,94,68,30,95,60,50,31,48,18,11,36,48,100,62,80,59,78,10,78,53,12,84,64,88,62,10,28,97,1,77,23,84,72,68,80,81,68,30,24,13,5,96,56,22,23,60,100,79,17,5,70,56,25,7,1,31,3,46,19,85,91,1,8,20,97,89,16,46,6,45,62,9,25,22,45,57,95,79,78,89,90,77,84,69,74,50,80,1,22,79,6,67,91,79,30,15,55,87,76,82,14,59,49,49,65,27,69,36,29,35,88,81,92,63,77,52,39,10,36,84,51,57,69,6,40,39,28,27,21,59,28,100,19,63,41,28,92,55,93,73,36,28,23,19,72,35,2,60,52,28,46,73,100,27,91,7,41,54,64,13,13,37,69,83,79,28,48,22,30,54,97,71,79,35,41,84,33,42,12,73,52,68,71,72,25,86,39,45,22,63,10,31,49,24,75,30,78,90,16,78,3,17,78,50,40,87,15,96,22,29,2,30,18,43,37,25,14,57,88,71,42,20,75,98,79,37,85,84,41,88,80,39,7,11,13,88,44,97,55,4,48,52,42,64,62,6,64,12,86,98,43,87,1,36,24,36,51,36,73,68,19,88,44,16,23,68,32,72,57,75,26,20,97,3,66,26,49,48,33,69,14,63,98,32,91,99,22,68,46,8,9,45,89,83,48,31,63,47,91,33,52,20,84,94,86,42,97,12,20,63,65,2,88,67,10,62,11,74,36,5,87,47,15,98,56,50,100,38,19,58,98,64,99,10,27,2,83,76,11,37,42,16,27,67,31,48,94,17,55,97,80,64,86,50,69,9,51,43,13,90,45,28,66,57,32,66,60,17,68,60,44,38,48,69,44,55,92,53,56,100,100,19,78,53,45,45,4,19,15,98,10,32,47,88,13,34,40,2,14,48,33,81,15,88,28,62,34,70,68,53,12,95,17,83,1,18,75,19,30,41,81,16,6,92,72,99,25,25,19,28,16,88,13,39,17,28,38,85,81,12,53,63,9,72,98,61,95,75,35,89,55,99,40,35,47,20,90,35,53,27,75,8,19,64,67,34,83,2,65,46,42,13,47,97,49,88,5,96,9,98,10,62,66,82,91,44,26,90,13,27,82,75,25,24,63,74,33,80,86,99,32,18,21,30,88,37,56,11,98,68,12,88,90,58,25,76,40,63,68,55,12,2,45,52,68,30,32,22,94,35,18,70,54,35,20,90,40,40,85,44,49,11,96,78,85,6,45,10,60,48,61,9,59,61,2,43,72,62,75,9,14,19,39,41,13,62,1,16,30,95,63,34,88,8,91,94,97,30,43,7,67,92,81,28,69,26,64,95,12,20,43,43,77,58,53,75,65,91,70,57,6,17,52,85,52,84,29,8,3,88,8,6,8,41,42,14,32,63,51,13,55,91,79,15,92,73,60,97,21,62,47,93,32,98,100,9,23,10,33,75,16,2,67,100,62,64,25,35,28,40,55,63,35,97,60,89,63,65,15,96,36,13,10,85,35,31,5,41,90,16,94,21,94,31,16,20,68,19,39,81,83,35,88,86,96,55,35,40,85,87,74,41,84,6,68,45,75,78,72,62,19,33,82,53,48,97,61,80,78,54,91
Bubble Sort,3.032171700,seconds
Selection Sort,1.276180200,seconds
Insertion Sort,1.266513600,seconds
Merge Sort,0.017965500,seconds
Quick Sort,0.018005500,seconds
Heap Sort,0.020352700,seconds
Counting Sort,0.001583200,seconds
Radix Sort,0.006003900,seconds
Bucket Sort,0.125453000,seconds
Shell Sort,0.014203500,seconds
Cocktail Shaker Sort,2.528204600,seconds
Comb Sort,0.018709700,seconds
Timsort,0.000704500,seconds
100k
Bubble Sort,313.977339300,seconds
Selection Sort,153.766274500,seconds
Insertion Sort,130.199552000,seconds
Merge Sort,0.225737400,seconds
Quick Sort,1.228448700,seconds
Heap Sort,0.243954100,seconds
Counting Sort,0.015925600,seconds
Radix Sort,0.057107800,seconds
Bucket Sort,11.975854000,seconds
Shell Sort,0.159352000,seconds
Cocktail Shaker Sort,255.593609700,seconds
Comb Sort,0.237021000,seconds
Timsort,0.007479500,seconds
500k
Merge Sort,1.289521600,seconds
Quick Sort,28.070323100,seconds
Heap Sort,1.382170500,seconds
Counting Sort,0.075628600,seconds
Radix Sort,0.288076500,seconds
Bucket Sort,354.901718100,seconds
Shell Sort,0.941988200,seconds
Comb Sort,1.422788900,seconds
Timsort,0.038650300,seconds
1kk
Merge Sort,2.515492400,seconds
Quick Sort,111.561292900,seconds
Heap Sort,2.969788800,seconds
Counting Sort,0.153350400,seconds
Radix Sort,0.567064000,seconds
Shell Sort,2.052929000,seconds
Comb Sort,2.843768000,seconds
Timsort,0.078730100,seconds
